{
  "beta_B": "5501692050343/1099511627776",
  "certified_I": "1103645539239/4398046511104",
  "dimension": 28,
  "format": "i3322-exact-upper-zero-residual-v1",
  "gram_common_denominator": "2199023255552",
  "gram_integer_rows": [
    [
      2561522985786,
      559087572722,
      559087572716,
      6,
      -559087572720,
      -559087572718,
      -2,
      -107449114962,
      1,
      -107449114962,
      -2,
      -3,
      4,
      -409422637786,
      -409422637778,
      -559728827256,
      -107449114962,
      2,
      -409422637778,
      -409422637786,
      559728827252,
      -107449114962,
      -2,
      -559728827254,
      559728827252,
      10,
      -4,
      4
    ],
    [
      559087572722,
      1102550597430,
      165183429496,
      -2,
      -633212140150,
      -633212140156,
      -471043273346,
      -94141814758,
      -4,
      0,
      0,
      0,
      4,
      -301957306678,
      -45577066200,
      46040052928,
      -45577066198,
      -1048,
      -301957306684,
      -45577066199,
      -46040052934,
      -45577066198,
      -1045,
      -71472986564,
      -133419912217,
      4,
      -85041958224,
      -85041958221
    ],
    [
      559087572716,
      165183429496,
      1102550597428,
      4,
      -633212140156,
      -633212140150,
      471043273344,
      0,
      0,
      -94141814756,
      0,
      -4,
      0,
      -45577066196,
      -301957306680,
      46040052936,
      -45577066197,
      1045,
      -45577066197,
      -301957306680,
      -46040052928,
      -45577066197,
      1047,
      133419912217,
      71472986566,
      6,
      85041958221,
      85041958227
    ],
    [
      6,
      -2,
      4,
      473885213778,
      -471043273344,
      471043273344,
      2,
      0,
      0,
      0,
      0,
      -80600452402,
      -80600452404,
      -131082012200,
      -131082012202,
      -111251708856,
      -48674185948,
      -2,
      131082012198,
      131082012200,
      -111251708856,
      48674185946,
      0,
      -4,
      -4,
      0,
      2,
      2
    ],
    [
      -559087572720,
      -633212140150,
      -633212140156,
      -471043273344,
      1102550597428,
      165183429496,
      -2,
      45577066198,
      1048,
      45577066198,
      1046,
      85041958224,
      85041958220,
      301957306676,
      301957306684,
      71472986564,
      94141814758,
      2,
      45577066200,
      45577066198,
      133419912220,
      0,
      0,
      -46040052928,
      46040052932,
      -4,
      0,
      -4
    ],
    [
      -559087572718,
      -633212140156,
      -633212140150,
      471043273344,
      165183429496,
      1102550597428,
      4,
      45577066198,
      -1044,
      45577066198,
      -1046,
      -85041958220,
      -85041958226,
      45577066196,
      45577066196,
      -133419912218,
      0,
      0,
      301957306680,
      301957306682,
      -71472986566,
      94141814756,
      -2,
      -46040052936,
      46040052926,
      -6,
      4,
      0
    ],
    [
      -2,
      -471043273346,
      471043273344,
      2,
      -2,
      4,
      473885213780,
      48674185948,
      2,
      -48674185948,
      0,
      -2,
      -2,
      131082012200,
      -131082012198,
      4,
      0,
      0,
      131082012202,
      -131082012200,
      4,
      0,
      0,
      111251708856,
      111251708856,
      0,
      80600452402,
      80600452404
    ],
    [
      -107449114962,
      -94141814758,
      0,
      0,
      45577066198,
      45577066198,
      48674185948,
      17393093608,
      0,
      0,
      0,
      0,
      0,
      38800803486,
      0,
      13460,
      5288700034,
      -30158,
      38800803486,
      0,
      -13460,
      5288700033,
      -30158,
      68739243924,
      0,
      0,
      -5605283486,
      -5605283486
    ],
    [
      1,
      -4,
      0,
      0,
      1048,
      -1044,
      2,
      0,
      217560,
      0,
      0,
      0,
      0,
      -106556,
      -13460,
      0,
      -30158,
      -38141,
      106558,
      13460,
      0,
      30158,
      38141,
      -2,
      0,
      0,
      1,
      1
    ],
    [
      -107449114962,
      0,
      -94141814756,
      0,
      45577066198,
      45577066198,
      -48674185948,
      0,
      0,
      17393093608,
      0,
      0,
      0,
      0,
      38800803486,
      13460,
      5288700033,
      30158,
      0,
      38800803486,
      -13460,
      5288700032,
      30158,
      0,
      -68739243924,
      0,
      5605283486,
      5605283486
    ],
    [
      -2,
      0,
      0,
      0,
      1046,
      -1046,
      0,
      0,
      0,
      0,
      217560,
      0,
      0,
      -13460,
      -106556,
      0,
      -30158,
      38141,
      13460,
      106558,
      0,
      30158,
      -38141,
      0,
      -4,
      0,
      1,
      1
    ],
    [
      -3,
      0,
      -4,
      -80600452402,
      85041958224,
      -85041958220,
      -2,
      0,
      0,
      0,
      0,
      65851034774,
      65850311304,
      0,
      2,
      -67239228406,
      -5605283486,
      1,
      0,
      2,
      -67239228406,
      5605283486,
      1,
      0,
      0,
      -70140,
      -285101,
      285101
    ],
    [
      4,
      4,
      0,
      -80600452404,
      85041958220,
      -85041958226,
      -2,
      0,
      0,
      0,
      0,
      65850311304,
      65851034776,
      -2,
      0,
      -67239228408,
      -5605283486,
      1,
      -2,
      0,
      -67239228406,
      5605283486,
      1,
      0,
      0,
      70140,
      285101,
      -285101
    ],
    [
      -409422637786,
      -301957306678,
      -45577066196,
      -131082012200,
      301957306676,
      45577066196,
      131082012200,
      38800803486,
      -106556,
      0,
      -13460,
      0,
      -2,
      172589904776,
      81006083932,
      129624205646,
      38800803486,
      -106556,
      81006083932,
      -10577400066,
      5605253328,
      0,
      -13460,
      129624205646,
      5605253328,
      -2,
      0,
      -2
    ],
    [
      -409422637778,
      -45577066200,
      -301957306680,
      -131082012202,
      301957306684,
      45577066196,
      -131082012198,
      0,
      -13460,
      38800803486,
      -106556,
      2,
      0,
      81006083932,
      172589904774,
      129624205642,
      38800803486,
      106558,
      -10577400066,
      81006083930,
      5605253328,
      0,
      13460,
      -5605253328,
      -129624205640,
      -2,
      0,
      -2
    ],
    [
      -559728827256,
      46040052928,
      46040052936,
      -111251708856,
      71472986564,
      -133419912218,
      4,
      13460,
      0,
      13460,
      0,
      -67239228406,
      -67239228408,
      129624205646,
      129624205642,
      515137777678,
      68739243924,
      -2,
      -5605253328,
      -5605253328,
      -178147678738,
      0,
      0,
      323242,
      -323242,
      -2,
      0,
      0
    ],
    [
      -107449114962,
      -45577066198,
      -45577066197,
      -48674185948,
      94141814758,
      0,
      0,
      5288700034,
      -30158,
      5288700033,
      -30158,
      -5605283486,
      -5605283486,
      38800803486,
      38800803486,
      68739243924,
      17393093608,
      0,
      0,
      0,
      0,
      0,
      0,
      13460,
      -13460,
      0,
      0,
      0
    ],
    [
      2,
      -1048,
      1045,
      -2,
      2,
      0,
      0,
      -30158,
      -38141,
      30158,
      38141,
      1,
      1,
      -106556,
      106558,
      -2,
      0,
      217560,
      -13460,
      13460,
      0,
      0,
      0,
      0,
      0,
      0,
      0,
      0
    ],
    [
      -409422637778,
      -301957306684,
      -45577066197,
      131082012198,
      45577066200,
      301957306680,
      131082012202,
      38800803486,
      106558,
      0,
      13460,
      0,
      -2,
      81006083932,
      -10577400066,
      -5605253328,
      0,
      -13460,
      172589904774,
      81006083930,
      -129624205640,
      38800803486,
      -106556,
      129624205642,
      5605253328,
      -2,
      2,
      0
    ],
    [
      -409422637786,
      -45577066199,
      -301957306680,
      131082012200,
      45577066198,
      301957306682,
      -131082012200,
      0,
      13460,
      38800803486,
      106558,
      2,
      0,
      -10577400066,
      81006083930,
      -5605253328,
      0,
      13460,
      81006083930,
      172589904778,
      -129624205648,
      38800803486,
      106558,
      -5605253328,
      -129624205648,
      -2,
      2,
      0
    ],
    [
      559728827252,
      -46040052934,
      -46040052928,
      -111251708856,
      133419912220,
      -71472986566,
      4,
      -13460,
      0,
      -13460,
      0,
      -67239228406,
      -67239228406,
      5605253328,
      5605253328,
      -178147678738,
      0,
      0,
      -129624205640,
      -129624205648,
      515137777676,
      -68739243924,
      -4,
      -323242,
      323242,
      0,
      0,
      0
    ],
    [
      -107449114962,
      -45577066198,
      -45577066197,
      48674185946,
      0,
      94141814756,
      0,
      5288700033,
      30158,
      5288700032,
      30158,
      5605283486,
      5605283486,
      0,
      0,
      0,
      0,
      0,
      38800803486,
      38800803486,
      -68739243924,
      17393093608,
      0,
      13460,
      -13460,
      0,
      0,
      0
    ],
    [
      -2,
      -1045,
      1047,
      0,
      0,
      -2,
      0,
      -30158,
      38141,
      30158,
      -38141,
      1,
      1,
      -13460,
      13460,
      0,
      0,
      0,
      -106556,
      106558,
      -4,
      0,
      217560,
      0,
      0,
      0,
      0,
      0
    ],
    [
      -559728827254,
      -71472986564,
      133419912217,
      -4,
      -46040052928,
      -46040052936,
      111251708856,
      68739243924,
      -2,
      0,
      0,
      0,
      0,
      129624205646,
      -5605253328,
      323242,
      13460,
      0,
      129624205642,
      -5605253328,
      -323242,
      13460,
      0,
      515137777676,
      -178147678738,
      -2,
      -67239228406,
      -67239228408
    ],
    [
      559728827252,
      -133419912217,
      71472986566,
      -4,
      46040052932,
      46040052926,
      111251708856,
      0,
      0,
      -68739243924,
      -4,
      0,
      0,
      5605253328,
      -129624205640,
      -323242,
      -13460,
      0,
      5605253328,
      -129624205648,
      323242,
      -13460,
      0,
      -178147678738,
      515137777676,
      0,
      -67239228406,
      -67239228406
    ],
    [
      10,
      4,
      6,
      0,
      -4,
      -6,
      0,
      0,
      0,
      0,
      0,
      -70140,
      70140,
      -2,
      -2,
      -2,
      0,
      0,
      -2,
      -2,
      0,
      0,
      0,
      -2,
      0,
      184048,
      -70140,
      70140
    ],
    [
      -4,
      -85041958224,
      85041958221,
      2,
      0,
      4,
      80600452402,
      -5605283486,
      1,
      5605283486,
      1,
      -285101,
      285101,
      0,
      0,
      0,
      0,
      0,
      2,
      2,
      0,
      0,
      0,
      -67239228406,
      -67239228406,
      -70140,
      65851034774,
      65850311304
    ],
    [
      4,
      -85041958221,
      85041958227,
      2,
      -4,
      0,
      80600452404,
      -5605283486,
      1,
      5605283486,
      1,
      285101,
      -285101,
      -2,
      -2,
      0,
      0,
      0,
      0,
      0,
      0,
      0,
      0,
      -67239228408,
      -67239228406,
      70140,
      65850311304,
      65851034776
    ]
  ],
  "ldl": {
    "positive_diagonal": [
      "1280761492893/1099511627776",
      "313953723042106757455087/704106076921801142697984",
      "600082510252863659859964694054371/1348420972923290154210202853834752",
      "35546278581952146536175847170090955478415765/164949424412008583004506643243402821814452224",
      "538139604604224931476328808742603424187476964397249781/667025862400364708756957624186240163840820268524378259456",
      "4432822005358868636278022236207349770175860276472605673119518557/7100289031549492543852564167758194448740850487827079664859634204672",
      "1042534766917859605331594775543880249254374304964332505142823918080162767/4873939338753402249311801515026266710461039630365532059123814016404508639232",
      "7627600344724959325598625994939701257254044799814968683507271465292833785734269547/11462790985869285691439786999002691285728937023397218703508942175336658407991982161920",
      "3318921426118208331464488250829152942015551934709271311031221768659083228797937411912089/33546541084213275052417345813300713873322194103218337123254175254145761457041980468033264549888",
      "2916637736118765976878617456048234510744931428314780315922574778520043268988574533413347032083/3649192699691874563521204434607988932950778850039256972510756232016394301703482003562829589002584064",
      "9914745297037420828552981677510908110814864989801916165601974400463621866779760500454779097683083/100214909527276622740569233083375076977504328658996398802496053934864232966486868949350278021561182060544",
      "53985812606555042957299371539117524324002028121343730884562296627412515563752186885574720751843178682799/21802755481060110411174031005796643337836026389429556966089830503946477135631124574292925107944054199016226816",
      "145850038982206288902661404338268227316741606875878311787531765436406216935870030163241798546965902081294211343/237432114783373746918887347447667662512202975865695891173191900456333159882144405219352084268542959783225408247300096",
      "47935517704295231312209886172234862262618361072143404563755007615004196956378932321723228704894903144512471525397145/160363813772518691011189365502539406745932552912482836583203899676290014594724635867560208921456350583372024594508093063168",
      "3399921462851690157327319145560370918624287642952373851343086280524222521395875883740555347706413255685316936186228359597/13176414774833729101740584102248406825536667144574426830299193898411135029144976185932711529667330823857192132205566155953274880",
      "82327863979499276910830588165216977437806236042126249645665576448638684279442999516428805129656676093204641926943454888843108007/59812050910889935356092131317909326598638767053936109883736560642284820337549095689997448672366401710609704174857296978152827861860352",
      "25630533661663485703942047559178920821310890546795447434125500709531684663600695478539940608435128005719618232550316060393187163508535/362081774941681468198569251190836800347492001572647649824015604735888356045493256211666465530094042653060080549491261428564443305022196809728",
      "1202530016985145550271870623872013313845838532819187125537489224918274650024482215243830461917960187476685604983319763464895091037794787721/14090534893551590407141712965881611461133278047631616554400785908104112781561567831447566687105435714833851040564343059693094370364948792559534080",
      "5073283530910641894242504352322515418318966573241560437671455913521340465034985916834944186438516898528566120759564705534341115744351478081394529/42310263565594825983734646687935808083103420286198017109915751571262487712571365079497805821593292310465687026707112014579139052161198597906082794831872",
      "156902751204895317455520778771736097844662475696196757974510036975113082547021296229400254162776472523092607359581605268176274321914410476570840195277/1394533558310183170184899000727223383432686126629740210419606370641917535706028544552106311087280434811106688667898693725815379009928978885686421000212709376",
      "158082393205079612696307951215328320333114256057372696101106453967280238057459189108080069169329456781311533230911001350956015322138234793963335765045800541/920087463359078377574399562373881295374310633845500459802279677176301507162391687879068611001293223314671415826803243513171159416486528488777772872986581211807744",
      "24302391048674936952738767700020534888184823577276301496086787476596832386927395091751276351794391086613168963614688122751903731621930605166831498071919134200511/521440288426928300242167575358411716915203242699099363408075977628670522770341211704742379339536309600137056676643814724327350381869022641593721856465039308083794280448",
      "4999010505747851540421129699707043443373793407237005624211014430156552066106094346337505220606576269528182794344611815936846105890447535551699599649560183541526242101/106883046163109886307199902620599639934137174085561798329885311170238218730543902561835674928348263048435163240086834618838077490233910257226782625957457651044177767923974144",
      "1187173741019607828347980436204973707102211222322870636242457949645082869042534807768584001467620157375431438514708468871802390780869278715270895612803339891860412348291613/5496470178444145251423225376669709406756267670411097312500319431809655624716007752655381068988034652199225971717120384835564960303212831743576857014055436568220842943890772197376",
      "266850477762977125176682279624029820285585947567783895846189200923435036631940633231975371206229269539571529247846501411205926401600043479831679275677541456151631895956986907495/1305311332441392465280040366373933164683233313065194121088017720417496506815369685070775045768254612192729912911592368327328072954482036360498532464030777271068837794044682062358642688",
      "22742058908780253201817208729802759913276046057785913858616313081938246417242922953760677655688240348086614238732977926806903976940761766210043368988601898821176710352981062930111463/293405203177974270010866844868591424986969350400205459418842333233798779472575234238685440206902984742509746168885299709221709264961318097422105106891778251739002114602427747940147784581120",
      "854796538953063878218971131577660862805693245004596765252808981211169129942618669561936929110200690493517843287721652680607325112348712401623216601424661686291487916467090842612450387087/25005158209770658496615475011714189915663465993825337905210939519749564583333766290905556669946608810705834068665875628115336777721064938291029538956212672563316460339947080036389546808246796288",
      "30964688647743553461177937197979063377529273791874508891564806362963635351067951547708379211186986434177683107883767292338433388673698771245439467199083998330048664635600762597598744351478905/939858733961574255603048380644906570221976394215131769965620159087884770055250314846092737777403480490566972649783709853255473862547774851246421150065456371324454943847765767496078749430068660928512"
    ],
    "strict_lower_rows": [
      [],
      [
        "279543786361/1280761492893"
      ],
      [
        "279543786358/1280761492893",
        "13817779694517753511363/313953723042106757455087"
      ],
      [
        "1/426920497631",
        "-1059696425988/313953723042106757455087",
        "6956232035627245749291/2400330041011454639439858776217484"
      ],
      [
        "-93181262120/426920497631",
        "-327352134475477906641015/627907446084213514910174",
        "-76712285803647424136018924932589001/153621122624733096924150961677918976",
        "-37688643987385735905271144208710089142810413/37916030487415622971920903648097019176976816"
      ],
      [
        "-279543786359/1280761492893",
        "-327352134479599734906055/627907446084213514910174",
        "-38356142901364809209820956956589311/76810561312366548462075480838959488",
        "56532965981318731938160716526691444439881701/56874045731123434457881355472145528765465224",
        "255918374344638353164243183513895850271975900907175542/538139604604224931476328808742603424187476964397249781"
      ],
      [
        "-1/1280761492893",
        "-150823521496817336939314/313953723042106757455087",
        "38598640389525029175528648374327367/76810561312366548462075480838959488",
        "-40609749850498351534576272573325/18958015243707811485960451824048509588488408",
        "-148774911636436984551220996933864389904631094/538139604604224931476328808742603424187476964397249781",
        "5587828241908989995484410235517904669932236827221698552/4432822005358868636278022236207349770175860276472605673119518557"
      ],
      [
        "-17908185827/426920497631",
        "-22634119693874120720403/313953723042106757455087",
        "1042461570129889385078220036522407/38405280656183274231037740419479744",
        "-3195337860198622522672908213433/23697519054634764357450564780060636985610510",
        "-34150611911775756766560220195969751624236628019385772/41395354200324994728948369903277186475959766492096137",
        "-2478391566681293307634344615497710731084246066589491355445623059/4432822005358868636278022236207349770175860276472605673119518557",
        "3028259867125110174543530884102427661387534033584265999830501882315377845/1042534766917859605331594775543880249254374304964332505142823918080162767"
      ],
      [
        "1/2561522985786",
        "-5402589757933/1255814892168427029820348",
        "-10237673054791499443519/307242245249466193848301923355837952",
        "-39571538052172068560393/1137480914622468689157627109442910575309304480",
        "634564408028214859830607960959793249267848445635/1076279209208449862952657617485206848374953928794499562",
        "-9967006139883229145587965411606662482447915045085052327589/8865644010717737272556044472414699540351720552945211346239037114",
        "-22313052763052181986665497637878372391911500212310246376422363/1042534766917859605331594775543880249254374304964332505142823918080162767",
        "-2385999913446424853595413683115453704298935988977588446466500795015588747/15255200689449918651197251989879402514508089599629937367014542930585667571468539094"
      ],
      [
        "-17908185827/426920497631",
        "15018366218807928316641/627907446084213514910174",
        "-11258655765957786123447950822889835/153621122624733096924150961677918976",
        "215507641597851398498332259942377/189580152437078114859604518240485095884884080",
        "-443957954581716839516818846192490654994923688763197089/538139604604224931476328808742603424187476964397249781",
        "-2478391565143046886317817188648762732249358384324247403138014779/4432822005358868636278022236207349770175860276472605673119518557",
        "-3028259866815578088151108035673955315417090640847012489277561175484361152/1042534766917859605331594775543880249254374304964332505142823918080162767",
        "7623018126350789232049917793210582037551401063471543209009284845831538646999886159/7627600344724959325598625994939701257254044799814968683507271465292833785734269547",
        "5234160259450990007245243675289238506545357453381833534724426450421097011797762012/3318921426118208331464488250829152942015551934709271311031221768659083228797937411912089"
      ],
      [
        "-1/1280761492893",
        "279543786361/627907446084213514910174",
        "65508791832862513488971/153621122624733096924150961677918976",
        "5939309431399497220493/568740457311234344578813554721455287654652240",
        "317281173704891895929012650401245883774947138977/538139604604224931476328808742603424187476964397249781",
        "-4983508821634222730570755531046942474563033764441951380039/4432822005358868636278022236207349770175860276472605673119518557",
        "4953173422792480766556012180518773573973302257746302017510/1042534766917859605331594775543880249254374304964332505142823918080162767",
        "-335619273908181125347973027462046402449633238661591344881608777133779303/7627600344724959325598625994939701257254044799814968683507271465292833785734269547",
        "-35878515250857425984285348099025858838804960141718076000044814851496569950476832/3318921426118208331464488250829152942015551934709271311031221768659083228797937411912089",
        "-42622168902192198349269322266759730578894641226531221271349524734450147822780070907/2916637736118765976878617456048234510744931428314780315922574778520043268988574533413347032083"
      ],
      [
        "-1/853840995262",
        "838631359083/1255814892168427029820348",
        "-1059288516669839489353435/307242245249466193848301923355837952",
        "-38693537443926891520581753275536516253507585/227496182924493737831525421888582115061860896",
        "2987707597659767500122590067441229195389678174541746639/1076279209208449862952657617485206848374953928794499562",
        "-46927639037063705660264630269466358469622795893533906614430196679/8865644010717737272556044472414699540351720552945211346239037114",
        "22960626382440111756819140836222017151674224623547924886691867217/1042534766917859605331594775543880249254374304964332505142823918080162767",
        "-457094967803596958906022606183191594419927191352115318391264247272419534865/15255200689449918651197251989879402514508089599629937367014542930585667571468539094",
        "-56308864142095220733934258042609746560449983757667746572251760844073923629083634164773/1106307142039402777154829416943050980671850644903090437010407256219694409599312470637363",
        "99421713751080942063852673299175447198552204207846083302718064465816669302722770434878022/2916637736118765976878617456048234510744931428314780315922574778520043268988574533413347032083",
        "-4037128791848326374626720045707984049734791446284512029238979169265119938154549727607935725517139/79317962376299366628423853420087264886518919918415329324815795203708974934238084003638232781464664"
      ],
      [
        "2/1280761492893",
        "1001217706532/313953723042106757455087",
        "-39663285763690133500167/38405280656183274231037740419479744",
        "-24183460903054389710620930440262978964021701/142185114327808586144703388680363821913663060",
        "1493853798225906017546637908753390062146222453864903148/538139604604224931476328808742603424187476964397249781",
        "-23463819515523332950683934324761343388540955283724964738705064484/4432822005358868636278022236207349770175860276472605673119518557",
        "22960626378608798717100732823923876193070917584542612293021491353/1042534766917859605331594775543880249254374304964332505142823918080162767",
        "-232269483079751199900420584870645006380771575113532802162090363262588014776/7627600344724959325598625994939701257254044799814968683507271465292833785734269547",
        "-168926592392397937026636167787109543971554337096148431259170106754279264827699512244282/3318921426118208331464488250829152942015551934709271311031221768659083228797937411912089",
        "99421001914943354034756745079166317890793829028885324654521139385678996237539523807924351/2916637736118765976878617456048234510744931428314780315922574778520043268988574533413347032083",
        "-8074257582076853207484087745158802245373156896807047666212622150154719488646364375209753109881427/158635924752598733256847706840174529773037839836830658649631590407417949868476168007276465562929328",
        "93625784312759738993491437098730930307215656523236662583473064136437218597516092717114835676795536938809/107971625213110085914598743078235048648004056242687461769124593254825031127504373771149441503686357365598"
      ],
      [
        "-204711318893/1280761492893",
        "-68070934125564512100677/313953723042106757455087",
        "4171018068410083046062336222925317/76810561312366548462075480838959488",
        "-26220007643306678274815467380524624759862693/94790076218539057429802259120242547942442040",
        "-605985146198378624988482116432590854098086771322458066/538139604604224931476328808742603424187476964397249781",
        "10215530442511038872641014005891582833450979718536801041005723981/4432822005358868636278022236207349770175860276472605673119518557",
        "4979147214514857596594562594322629924781016404590996947650928895580924221/1042534766917859605331594775543880249254374304964332505142823918080162767",
        "-8065576641793832578678318791404318300494839077915859623282940549483278636875985627/7627600344724959325598625994939701257254044799814968683507271465292833785734269547",
        "-517772650517704268892044364546797320898559507156160484887974186755381305004052922355676/1106307142039402777154829416943050980671850644903090437010407256219694409599312470637363",
        "-3495586757225105262954663153792510437514270161847171348483544533605987412316979259779915640840/2916637736118765976878617456048234510744931428314780315922574778520043268988574533413347032083",
        "-397645286661805711577361441135748225464979616010300457937127619518017749661392116948138581163348/9914745297037420828552981677510908110814864989801916165601974400463621866779760500454779097683083",
        "-23571260911185600063564768175185873725700873396918663788047032555273636451872973115143586369409129652018/53985812606555042957299371539117524324002028121343730884562296627412515563752186885574720751843178682799",
        "-34106389586026488657902733515718993058742061593532131453399287252569385369738373677500668433638429927118792910/145850038982206288902661404338268227316741606875878311787531765436406216935870030163241798546965902081294211343"
      ],
      [
        "-204711318889/1280761492893",
        "28039101519187614614629/627907446084213514910174",
        "-33675032211109343854116897475452061/153621122624733096924150961677918976",
        "-52440015286756949870383037945512187354489389/189580152437078114859604518240485095884884080",
        "-605985145368895497253478600243672123788505099545069095/538139604604224931476328808742603424187476964397249781",
        "10215530434212370408981155113827999260001226462286097436111785914/4432822005358868636278022236207349770175860276472605673119518557",
        "-4979147233487988921587534453874658681239279218992433399287254253349986487/1042534766917859605331594775543880249254374304964332505142823918080162767",
        "-104827421585355998945687767687720346190306600381616516572531980117578774998408414/99059744736687783449332805129087029314987594802791801084510019029777062152393111",
        "-133104568152822569877818965777231346705444166133116851847653204060054350499043055931528/3318921426118208331464488250829152942015551934709271311031221768659083228797937411912089",
        "409299934340847026449558789833786594715394810880683780364146614352648269280035559860710441814/2916637736118765976878617456048234510744931428314780315922574778520043268988574533413347032083",
        "-148488301047179479460398679810073935341436413552820045994768776862767613747234676727664557052089265/317271849505197466513695413680349059546075679673661317299263180814835899736952336014552931125858656",
        "-94285106884337212051429859844205423328422426335535117471566704982181058573702798060695371889309059743905/215943250426220171829197486156470097296008112485374923538249186509650062255008747542298883007372714731196",
        "-68212824923362544188466558616686106400776751700058125016601303627835258412815386584894362692491701377397571905/291700077964412577805322808676536454633483213751756623575063530872812433871740060326483597093931804162588422686",
        "-17728407209760179451429352268961807195762214125233547464271508969070580973085393405068082078821052153683079120877406/47935517704295231312209886172234862262618361072143404563755007615004196956378932321723228704894903144512471525397145"
      ],
      [
        "-93288137876/426920497631",
        "53858760656870588424030/313953723042106757455087",
        "1577669810856106326992591452289317/9601320164045818557759435104869936",
        "-2781675196640892151041401237057559729370757/11848759527317382178725282390030318492805255",
        "2036334746645096064797781707603093131022866227174471536/538139604604224931476328808742603424187476964397249781",
        "63920841639961616597463939618542220346288294279091106206840722836/4432822005358868636278022236207349770175860276472605673119518557",
        "-50754582532487653038995334660471159627436189216914055852002851074/1042534766917859605331594775543880249254374304964332505142823918080162767",
        "4637327753186173394127687707460082668636658760855368362107521672820819747160340666/7627600344724959325598625994939701257254044799814968683507271465292833785734269547",
        "93052495607891378291306319989675857147806562982928798662692709371664698568985309168516/1106307142039402777154829416943050980671850644903090437010407256219694409599312470637363",
        "886637255868515169907519369782461926389045094923631851018827376687318967768563228076285805484/2916637736118765976878617456048234510744931428314780315922574778520043268988574533413347032083",
        "833865779633515825221649761708847340419887551809138188455002134393053902277657538040726220773053/9914745297037420828552981677510908110814864989801916165601974400463621866779760500454779097683083",
        "-84295773370013047320865759675390024560400978580934793898705681226600107312044444463419702119142676326882/53985812606555042957299371539117524324002028121343730884562296627412515563752186885574720751843178682799",
        "-121969999795749430381480926992929314163289407278061246944066536479212381151632304024325479311209215865271920338/145850038982206288902661404338268227316741606875878311787531765436406216935870030163241798546965902081294211343",
        "-13369716727175623403409869740123554332216123430781500504711033889506158459189764220680690104404136772600529326752426/15978505901431743770736628724078287420872787024047801521251669205001398985459644107241076234964967714837490508465715",
        "-36115652953194560757704767400634667229980009607524192651740120826024806470654255413003612652642984745351999882124244268087/27199371702813521258618553164482967348994301143618990810744690244193780171167007069924442781651306045482535489489826876776"
      ],
      [
        "-17908185827/426920497631",
        "-7084154726954427724383/313953723042106757455087",
        "-6640454053367317131981164359102163/307242245249466193848301923355837952",
        "-116834110752190005505762975595608886677257289/1137480914622468689157627109442910575309304480",
        "127867775510864350061688479809201108975501862185286231/1076279209208449862952657617485206848374953928794499562",
        "8825339483648964925915131247983758630326535354096264749901622338/4432822005358868636278022236207349770175860276472605673119518557",
        "-8826806436373292176472378107805274351449579423696891967453049785/1042534766917859605331594775543880249254374304964332505142823918080162767",
        "15248287716058517798112605238194857024018272599368908291628831484809083493547978129/15255200689449918651197251989879402514508089599629937367014542930585667571468539094",
        "-415082692170163448949487269354777422056583695804965858689445293918368449569853417132652/3318921426118208331464488250829152942015551934709271311031221768659083228797937411912089",
        "2916104038716486858265366404536897035168844131993512008306734862114689365377060601249759152875/5833275472237531953757234912096469021489862856629560631845149557040086537977149066826694064166",
        "-79360049945109983157433745164652072750231117875416838104679515655456203329548256414338771880393953/634543699010394933027390827360698119092151359347322634598526361629671799473904672029105862251717312",
        "-100484261939009478416343700181510003114319952518488540997647137188507069777659432365095657327203334638041/431886500852440343658394972312940194592016224970749847076498373019300124510017495084597766014745429462392",
        "-72696638586713263795912186013715586165145336429823793172442217174448627621581444472958450911534744502586351877/583400155928825155610645617353072909266966427503513247150127061745624867743480120652967194187863608325176845372",
        "-249081210813325019650009051843784130970827359181367658898210991603020813930270671556252211522504792033987159175467/643429767842889010902146123117246473323736390230112812936308827047036200756764192237895687314025545563925792287210",
        "-33417731387259851342069118466156741777481905055868752755300012836596953284611893313712775418865435056988528674721403037947/54398743405627042517237106328965934697988602287237981621489380488387560342334014139848885563302612090965070978979653753552",
        "29295323717266609214102341054647582965942267603132015621907608890644915443776364494670746581362850250654206835634187294170320387/164655727958998553821661176330433954875612472084252499291331152897277368558885999032857610259313352186409283853886909777686216014"
      ],
      [
        "1/1280761492893",
        "-671398566062293/627907446084213514910174",
        "342431656115190442193496397/307242245249466193848301923355837952",
        "-1600220032705231424538467348646283/379160304874156229719209036480970191769768160",
        "-901205252623307761551795177631752239893098345/1076279209208449862952657617485206848374953928794499562",
        "552105017882422824898112458025835307444245426476642631/633260286479838376611146033743907110025122896638943667588502651",
        "-2331152010907341081257643031933256789991198658780285585969247913446/1042534766917859605331594775543880249254374304964332505142823918080162767",
        "-25787175100968546398117288860221736617425055819879503049633508637248857945381/1386836426313628968290659271807218410409826327239085215183140266416878870133503554",
        "-193949536509250467044673156947460566443779166259279683087353034255217576090772322580130/1106307142039402777154829416943050980671850644903090437010407256219694409599312470637363",
        "90274256337857808898150706117849321572009201543541649101402388667651618032948122277326889429/2916637736118765976878617456048234510744931428314780315922574778520043268988574533413347032083",
        "111243478696037323806381823351493104854776677013289961118313959637043800928363263870855891206965207/634543699010394933027390827360698119092151359347322634598526361629671799473904672029105862251717312",
        "734809482321756164007711130052292626134089481298832322285158680860163976503787374402593006704107215/431886500852440343658394972312940194592016224970749847076498373019300124510017495084597766014745429462392",
        "531605179372771739643864041823854156384815180002146478722221763373462633206298678749037279265120651516763/583400155928825155610645617353072909266966427503513247150127061745624867743480120652967194187863608325176845372",
        "-11917916729201101382425807942371706155495686781759576093554865869313886789897706288346746807655808140677855404816621/95871035408590462624419772344469724525236722144286809127510015230008393912757864643446457409789806289024943050794290",
        "4936747716996470627444848645834059630074564927471195361681923466919836405747248263191726986849803321042534604486157354241/54398743405627042517237106328965934697988602287237981621489380488387560342334014139848885563302612090965070978979653753552",
        "496687731123289394593009085903860058748984288555521490867125252494690385739461211840181376522446182893497026514008766253159/164655727958998553821661176330433954875612472084252499291331152897277368558885999032857610259313352186409283853886909777686216014",
        "39000625349790070107929809339928605522467782528261004131173093247553912512041467497606437529982107898967132862141715102325709962/25630533661663485703942047559178920821310890546795447434125500709531684663600695478539940608435128005719618232550316060393187163508535"
      ],
      [
        "-204711318889/1280761492893",
        "-12376533477826316711407/57082495098564864991834",
        "16684072272885214804711444547402591/307242245249466193848301923355837952",
        "314640091715299195393704814109312672822797813/1137480914622468689157627109442910575309304480",
        "1342998786725059617837185828802784078780178622635168749/1076279209208449862952657617485206848374953928794499562",
