{
  "beta_B": "343838079435/68719476736",
  "certified_I": "68960172491/274877906944",
  "dimension": 88,
  "format": "i3322-exact-upper-zero-residual-v1",
  "gram_common_denominator": "2199023255552",
  "gram_integer_rows": [
    [
      887310181802,
      -25182374556,
      -25182364216,
      6600,
      25182373086,
      25182366200,
      12110,
      85744014061,
      -2217,
      85744008387,
      -1695,
      2289,
      2333,
      -265973205508,
      -265973207274,
      -116211369522,
      85744008145,
      -761,
      -265973214696,
      -265973214472,
      116211361298,
      85744016177,
      -264,
      -116211360174,
      116211371348,
      28,
      -2887,
      -2876,
      -36606230240,
      14,
      -276,
      -278,
      -36606229442,
      14,
      -252,
      -254,
      -50,
      -80833154,
      -46,
      -80833154,
      -30911048035,
      72118199930,
      -30911046581,
      72118195636,
      66060147398,
      66060147394,
      30911047577,
      30911046965,
      -111584445284,
      36606229858,
      2,
      -72118196209,
      72118196691,
      -2,
      -338,
      -339,
      -30911049970,
      -72118196678,
      -30911048274,
      -72118192992,
      -66060150396,
      -66060150400,
      30911050129,
      30911049311,
      111584449348,
      36606230896,
      7,
      -72118197538,
      72118198588,
      -1,
      -359,
      -360,
      111584447798,
      2,
      -111584444236,
      -1,
      -796,
      773,
      -66060150089,
      66060145761,
      -1036,
      5,
      80833154,
      -66060150082,
      66060145764,
      1051,
      8,
      80833154
    ],
    [
      -25182374556,
      465538823694,
      -142367487496,
      2550,
      -51582608250,
      -51582595086,
      -156869505664,
      95546697746,
      1860,
      -46392439598,
      106,
      -778,
      -766,
      -166752713560,
      134411065784,
      17243097394,
      2517110978,
      97909703984,
      -166752706160,
      134411066036,
      -17243096048,
      2517109288,
      97909702104,
      116448689724,
      52657446676,
      -136,
      -70433057772,
      -70433058074,
      -24228202402,
      -6,
      -220,
      -218,
      15365121765,
      -6,
      153,
      148,
      -4,
      -18125857,
      23,
      -18125856,
      -55049220432,
      -25939904194,
      -4879845016,
      -18524212752,
      -7032809674,
      -7032809668,
      29086417056,
      -31927533179,
      18496807664,
      -4716849890,
      395711669,
      47832385458,
      49650970895,
      1,
      271073052,
      271073052,
      -55049219816,
      25939903120,
      -4879844580,
      18524212076,
      7032810264,
      7032810268,
      29086414578,
      -31927534272,
      -18496811178,
      -4716850366,
      395711658,
      47832382060,
      49650971466,
      0,
      271073306,
      271073308,
      130725082096,
      -2,
      29436421262,
      -1,
      -240,
      451,
      -12758467728,
      -117316832,
      29187081425,
      -3167777642,
      87088346,
      -12758467716,
      -117316818,
      -29187081714,
      -3167777591,
      87088344
    ],
    [
      -25182364216,
      -142367487496,
      465538846654,
      2056,
      -51582613394,
      -51582602894,
      156869503786,
      -46392439874,
      52,
      95546708712,
      1564,
      -786,
      -686,
      134411061084,
      -166752721398,
      17243098536,
      2517112232,
      -97909703492,
      134411060680,
      -166752715702,
      -17243097344,
      2517111476,
      -97909701902,
      -52657453280,
      -116448701370,
      200,
      70433063400,
      70433063720,
      15365121493,
      -6,
      160,
      157,
      -24228203842,
      -4,
      -198,
      -198,
      13,
      -18125855,
      0,
      -18125855,
      -4879844434,
      -18524210344,
      -55049226754,
      -25939905426,
      -7032809484,
      -7032809492,
      -31927533016,
      29086417740,
      18496807853,
      -4716849886,
      -395711686,
      -49650972030,
      -47832385458,
      -1,
      -271072606,
      -271072608,
      -4879844066,
      18524209701,
      -55049226290,
      25939904578,
      7032810116,
      7032810112,
      -31927533679,
      29086415836,
      -18496810948,
      -4716850342,
      -395711676,
      -49650972478,
      -47832382434,
      -1,
      -271072872,
      -271072872,
      -29436421376,
      1,
      -130725090450,
      2,
      -503,
      202,
      117316749,
      12758470738,
      -29187082593,
      3167777808,
      87088352,
      117316748,
      12758470734,
      29187082948,
      3167777772,
      87088354
    ],
    [
      6600,
      2550,
      2056,
      414655450828,
      -156869507598,
      156869504676,
      148,
      358,
      75931975832,
      -94,
      75931975752,
      60559003056,
      60559003644,
      -68779772368,
      -68779772002,
      -36144398130,
      25004826570,
      76,
      68779766980,
      68779767000,
      -36144398386,
      -25004823132,
      -18,
      -404,
      784,
      10,
      248,
      -318,
      50,
      157003902,
      -4492073899,
      -4492073899,
      42,
      157003900,
      -4492073948,
      -4492073949,
      -2630133964,
      -6,
      -2630133812,
      -6,
      -23882929064,
      -29754454392,
      -23882928824,
      -29754454140,
      -81492518746,
      -81492518694,
      -14011709310,
      -14011709332,
      11976558810,
      -7188303696,
      0,
      -12535149311,
      12535149329,
      0,
      18,
      16,
      23882928489,
      -29754453486,
      23882928590,
      -29754453480,
      -81492520312,
      -81492520266,
      14011710344,
      14011710259,
      11976561094,
      7188304576,
      1,
      12535147172,
      -12535146956,
      0,
      -66,
      -62,
      41,
      -2,
      -1,
      0,
      -32315678468,
      32315678264,
      33,
      -47,
      -102,
      -79,
      -2,
      70,
      -9,
      -16,
      68,
      -2
    ],
    [
      25182373086,
      -51582608250,
      -51582613394,
      -156869507598,
      465538840034,
      -142367490752,
      -224,
      -2517111138,
      -97909703124,
      -2517112116,
      -97909703308,
      70433061272,
      70433061068,
      166752714652,
      166752715454,
      -116448698402,
      -95546703982,
      130,
      -134411063678,
      -134411063740,
      -52657448144,
      46392439676,
      -132,
      -17243097564,
      17243099594,
      -46,
      -742,
      -632,
      -4716850352,
      395711672,
      271072954,
      271072952,
      -4716849920,
      395711676,
      271073006,
      271073008,
      -3167777660,
      87088352,
      -3167777700,
      87088352,
      29086416806,
      47832384954,
      29086418034,
      47832385830,
      -12758469156,
      -12758469162,
      -55049223402,
      -55049223648,
      130725086426,
      -24228203120,
      4,
      -25939904136,
      25939904666,
      2,
      -108,
      -108,
      -31927533210,
      49650970896,
      -31927531874,
      49650970006,
      -117316398,
      -117316400,
      -4879843896,
      -4879843846,
      29436421796,
      15365121438,
      1,
      -18524209508,
      18524209294,
      2,
      26,
      23,
      18496809602,
      0,
      -18496806792,
      0,
      29187082474,
      -29187082370,
      -7032810290,
      7032809554,
      244,
      -10,
      -18125856,
      -7032810298,
      7032809544,
      -268,
      -46,
      -18125855
    ],
    [
      25182366200,
      -51582595086,
      -51582602894,
      156869504676,
      -142367490752,
      465538810848,
      -1148,
      -2517109634,
      97909701702,
      -2517110996,
      97909702138,
      -70433056838,
      -70433056724,
      -134411063412,
      -134411063248,
      52657446458,
      46392438564,
      -42,
      166752709546,
      166752711460,
      116448685572,
      -95546696926,
      426,
      -17243093800,
      17243096082,
      -10,
      -716,
      -850,
      -4716849870,
      -395711652,
      -271073438,
      -271073438,
      -4716849436,
      -395711660,
      -271073426,
      -271073426,
      3167777596,
      87088338,
      3167777624,
      87088340,
      -31927533876,
      -49650971254,
      -31927532374,
      -49650970282,
      117316582,
      117316586,
      -4879844212,
      -4879844284,
      -29436421768,
      15365121588,
      2,
      -18524211410,
      18524211350,
      0,
      10,
      9,
      29086414628,
      -47832381396,
      29086416242,
      -47832382846,
      12758467350,
      12758467352,
      -55049218186,
      -55049218524,
      -130725077930,
      -24228202048,
      8,
      -25939900670,
      25939901372,
      -2,
      -74,
      -72,
      18496809598,
      0,
      -18496806354,
      0,
      -29187081278,
      29187081260,
      -7032809462,
      7032808830,
      242,
      -41,
      -18125859,
      -7032809460,
      7032808832,
      -274,
      -15,
      -18125858
    ],
    [
      12110,
      -156869505664,
      156869503786,
      148,
      -224,
      -1148,
      414655444424,
      -25004824058,
      -816,
      25004828238,
      540,
      154,
      26,
      68779768270,
      -68779775394,
      -1520,
      108,
      -75931976542,
      68779764990,
      -68779773706,
      1292,
      684,
      -75931975366,
      36144394022,
      36144396222,
      718,
      -60559001526,
      -60558999886,
      -7188304192,
      -4,
      -4,
      -10,
      7188303122,
      4,
      -34,
      -30,
      94,
      2,
      -96,
      0,
      -14011709628,
      -12535146980,
      14011709106,
      12535150716,
      64,
      4,
      -23882928988,
      23882929032,
      -94,
      23,
      157003894,
      -29754454626,
      -29754454196,
      0,
      -4492073836,
      -4492073837,
      -14011710038,
      12535147820,
      14011709342,
      -12535151138,
      -12,
      -70,
      -23882928616,
      23882928940,
      -118,
      0,
      157003900,
      -29754453932,
      -29754453776,
      0,
      -4492073819,
      -4492073820,
      11976559710,
      2,
      11976558452,
      2,
      -488,
      -466,
      -81492519060,
      -81492516982,
      -32315677532,
      -2630133610,
      8,
      -81492519130,
      -81492517058,
      32315678988,
      -2630133882,
      8
    ],
    [
      85744014061,
      95546697746,
      -46392439874,
      358,
      -2517111138,
      -2517109634,
      -25004824058,
      111093822768,
      102,
      -32422081254,
      -102,
      -60,
      -82,
      -90999412164,
      11810526334,
      3184367190,
      -2458981130,
      27415410454,
      -90999411864,
      11810525692,
      -3184366898,
      -2458981114,
      27415410188,
      56107290630,
      62827233438,
      -54,
      -14506194004,
      -14506194096,
      -10525591394,
      -4,
      4,
      4,
      0,
      4,
      30,
      28,
      0,
      13715164,
      0,
      13715164,
      -36098661694,
      27574579708,
      3016644750,
      -4375456380,
      206750166,
      206750163,
      11044289964,
      -16699616530,
      -1991577188,
      394103279,
      109108801,
      9069123992,
      27215957249,
      0,
      -2413553447,
      -2413553447,
      -36098661628,
      -27574579832,
      3016644713,
      4375456389,
      -206750128,
      -206750130,
      11044289694,
      -16699616714,
      1991576670,
      394103260,
      109108806,
      9069123562,
      27215957680,
      -1,
      -2413553520,
      -2413553520,
      41011403170,
      -2,
      10401685756,
      -2,
      36,
      43,
      -2760357148,
      18599061405,
      -3046995602,
      -2107594939,
      43960335,
      -2760357154,
      18599061398,
      3046995524,
      -2107594931,
      43960334
    ],
    [
      -2217,
      1860,
      52,
      75931975832,
      -97909703124,
      97909701702,
      -816,
      102,
      150128227962,
      -96,
      262252412,
      -4799285090,
      -4799285092,
      -241871833946,
      51523995796,
      8096670028,
      27415410314,
      74529682024,
      241871834840,
      -51523995220,
      8096668662,
      -27415410438,
      -74529682072,
      826,
      -156,
      0,
      -200,
      -198,
      146,
      -512770862,
      -2150540392,
      -2150540392,
      -4,
      0,
      -277767096,
      -277767096,
      -13715164,
      0,
      -13715164,
      0,
      -39789191662,
      -71459508082,
      -7004902624,
      311837596,
      -4663986574,
      -4663986573,
      8838557770,
      -22764716228,
      -21771741545,
      7972186647,
      283999029,
      13602398596,
      56185539194,
      0,
      1374944132,
      1374944132,
      39789191316,
      -71459507046,
      7004902612,
      311837580,
      -4663986541,
      -4663986542,
      -8838557764,
      22764716262,
      -21771741397,
      -7972186649,
      -283999030,
      -13602398442,
      -56185539306,
      0,
      -1374944156,
      -1374944155,
      -136,
      0,
      -9,
      0,
      17700535,
      -17700535,
      254,
      -8,
      6,
      3,
      0,
      254,
      -9,
      -8,
      2,
      -1
    ],
    [
      85744008387,
      -46392439598,
      95546708712,
      -94,
      -2517112116,
      -2517110996,
      25004828238,
      -32422081254,
      -96,
      111093824148,
      388,
      -116,
      -86,
      11810527234,
      -90999412732,
      3184369366,
      -2458981118,
      -27415410544,
      11810526384,
      -90999411682,
      -3184369064,
      -2458981018,
      -27415410068,
      -62827232446,
      -56107293502,
      58,
      14506194764,
      14506194854,
      0,
      4,
      38,
      38,
      -10525591558,
      -2,
      52,
      52,
      0,
      13715164,
      0,
      13715164,
      3016644638,
      -4375456582,
      -36098663662,
      27574577344,
      206750198,
      206750200,
      -16699616794,
      11044289644,
      -1991576432,
      394103249,
      -109108807,
      -27215957196,
      -9069123916,
      1,
      2413553387,
      2413553386,
      3016644561,
      4375456550,
      -36098663442,
      -27574577928,
      -206750191,
      -206750188,
      -16699616738,
      11044289598,
      1991576557,
      394103280,
      -109108809,
      -27215957795,
      -9069123192,
      0,
      2413553483,
      2413553482,
      -10401685366,
      1,
      -41011405992,
      2,
      -44,
      -34,
      -18599061708,
      2760357032,
      3046994860,
      2107594966,
      43960333,
      -18599061697,
      2760357042,
      -3046994790,
      2107594963,
      43960332
    ],
    [
      -1695,
      106,
      1564,
      75931975752,
      -97909703308,
      97909702138,
      540,
      -102,
      262252412,
      388,
      150128227928,
      -4799285000,
      -4799285002,
      51523995646,
      -241871834208,
      8096669754,
      27415410194,
      -74529682026,
      -51523995050,
      241871834750,
      8096668606,
      -27415410654,
      74529682038,
      -52,
      -792,
      0,
      214,
      216,
      -4,
      0,
      -277767096,
      -277767096,
      118,
      -512770862,
      -2150540454,
      -2150540456,
      -13715164,
      0,
      -13715164,
      0,
      -7004902638,
      311837592,
      -39789191624,
      -71459507752,
      -4663986563,
      -4663986561,
      -22764716273,
      8838557848,
      -21771741504,
      7972186647,
      -283999035,
      -56185539162,
      -13602398928,
      1,
      -1374944048,
      -1374944050,
      7004902623,
      311837578,
      39789191176,
      -71459507108,
      -4663986566,
      -4663986567,
      22764716130,
      -8838557938,
      -21771741300,
      -7972186624,
      283999035,
      56185539216,
      13602398750,
      1,
      1374944086,
      1374944088,
      8,
      0,
      100,
      0,
      17700536,
      -17700537,
      11,
      -202,
      -3,
      -1,
      0,
      10,
      -202,
      9,
      -4,
      -1
    ],
    [
      2289,
      -778,
      -786,
      60559003056,
      70433061272,
      -70433056838,
      154,
      -60,
      -4799285090,
      -116,
      -4799285000,
      111130880970,
      86086565198,
      19569679506,
      19569679278,
      -99582861628,
      -14506194278,
      -24,
      -19569679862,
      -19569679780,
      -99582860256,
      14506194010,
      40,
      -590,
      896,
      -12750413144,
      890037500,
      -890037672,
      -38,
      277767096,
      0,
      0,
      -30,
      277767096,
      0,
      0,
      -199253668,
      0,
      -4049234868,
      0,
      3135770050,
      2601359906,
      3135770014,
      2601359847,
      -46179985892,
      -47386618834,
      -18687140742,
      -18687140763,
      73270629418,
      -17995243119,
      2,
      11116693467,
      -11116693417,
      -5093662,
      1010476,
      -1010516,
      -3135770056,
      2601359987,
      -3135770013,
      2601359952,
      -46179986054,
      -47386618998,
      18687140068,
      18687140056,
      73270628706,
      17995243201,
      -1,
      -11116694556,
      11116694542,
      -5093662,
      1010510,
      -1010481,
      156,
      -22227899,
      -104,
      -22227898,
      37301991810,
      -12369296550,
      435410351,
      435410480,
      -8971080614,
      1204992838,
      0,
      -435410530,
      -435410400,
      -8971080464,
      -1204992855,
      -1
    ],
    [
      2333,
      -766,
      -686,
      60559003644,
      70433061068,
      -70433056724,
      26,
      -82,
      -4799285092,
      -86,
      -4799285002,
      86086565198,
      111130880934,
      19569679460,
      19569679266,
      -99582861560,
      -14506194216,
      -22,
      -19569679888,
      -19569679776,
      -99582860190,
      14506193950,
      42,
      -716,
      746,
      12750412916,
      -890037348,
      890037384,
      -38,
      277767096,
      0,
      0,
      -28,
      277767096,
      0,
      0,
      -4049234884,
      0,
      -199253638,
      0,
      3135770049,
      2601359905,
      3135770012,
      2601359845,
      -47386618966,
      -46179985998,
      -18687140740,
      -18687140757,
      73270629458,
      -17995243117,
      0,
      11116693466,
      -11116693420,
      5093664,
      -1010512,
      1010478,
      -3135770058,
      2601359990,
      -3135770018,
      2601359955,
      -47386619132,
      -46179986164,
      18687140061,
      18687140051,
      73270628738,
      17995243200,
      -1,
      -11116694552,
      11116694544,
      5093664,
      -1010484,
      1010508,
      159,
      22227899,
      -100,
      22227899,
      12369296554,
      -37301991530,
      -435410509,
      -435410386,
      8971080334,
      -1204992877,
      0,
      435410388,
      435410512,
      8971080332,
      1204992879,
      -1
    ],
    [
      -265973205508,
      -166752713560,
      134411061084,
      -68779772368,
      166752714652,
      -134411063412,
      68779768270,
      -90999412164,
      -241871833946,
      11810527234,
      51523995646,
      19569679506,
      19569679460,
      664764657448,
      -188569880880,
      -4644927214,
      -90999412258,
      -241871834082,
      -188569880136,
      109974420838,
      -41551873380,
      11810526062,
      51523995330,
      -4644926778,
      -41551876218,
      -40,
      19569680320,
      19569680282,
      23204179224,
      849780004,
      3005226366,
      3005226364,
      -3016644822,
      -209909458,
      -1542899000,
      -1542898998,
      -1799621212,
      35391818,
      -1799621212,
      35391818,
      74966194860,
      68054640054,
      12235398916,
      -28422132942,
      -18489230434,
      -18489230430,
      -74966194908,
      46569629668,
      61467512222,
      -23204179538,
      -849780004,
      -68054639360,
      -163834992152,
      0,
      -3005226404,
      -3005226404,
      -46569629706,
      163834991470,
      17093720152,
      -17530305284,
      18806626894,
      18806626900,
      -12235399080,
      -17093719756,
      22890578,
      3016644444,
      209909462,
      28422134138,
      17530303160,
      0,
      1542899166,
      1542899164,
      -61467510960,
      0,
      -22891470,
      0,
      2421844138,
      -2421844096,
      18489230612,
      -18806625780,
      -2421843610,
      1799621201,
      -35391819,
      18489230610,
      -18806625784,
      2421843570,
      1799621200,
      -35391817
    ],
    [
      -265973207274,
      134411065784,
      -166752721398,
      -68779772002,
      166752715454,
      -134411063248,
      -68779775394,
      11810526334,
      51523995796,
      -90999412732,
      -241871834208,
      19569679278,
      19569679266,
      -188569880880,
      664764659330,
      -4644925916,
      -90999411888,
      241871834396,
      109974421306,
      -188569879514,
      -41551873526,
      11810525912,
      -51523995498,
      41551874358,
      4644926106,
      10,
      -19569679642,
      -19569679608,
      -3016644566,
      -209909458,
      -1542899004,
      -1542899002,
      23204179218,
      849780006,
      3005226482,
      3005226480,
      -1799621210,
      35391818,
      -1799621214,
      35391818,
      12235398684,
      -28422134884,
      74966195698,
      68054641634,
      -18489230502,
      -18489230502,
      46569629674,
      -74966194846,
      61467511540,
      -23204179484,
      849780012,
      163834991646,
      68054640258,
      2,
      3005226380,
      3005226384,
      17093720002,
      -17530303474,
      -46569628622,
      163834989716,
      18806626954,
      18806626958,
      -17093720062,
      -12235398790,
      22890544,
      3016644426,
      -209909465,
      -17530303436,
      -28422134862,
      2,
      -1542898938,
      -1542898939,
      22890840,
      0,
      61467511986,
      0,
      2421844102,
      -2421844118,
      18806626942,
      -18489229748,
      2421844442,
      -1799621223,
      -35391818,
      18806626940,
      -18489229746,
      -2421844424,
      -1799621226,
      -35391818
    ],
    [
      -116211369522,
      17243097394,
      17243098536,
      -36144398130,
      -116448698402,
      52657446458,
      -1520,
      3184367190,
      8096670028,
      3184369366,
      8096669754,
      -99582861628,
      -99582861560,
      -4644927214,
      -4644925916,
      223538094928,
      56107293040,
      354,
      41551876566,
      41551876858,
      62669268692,
      -62827233200,
      122,
      -21485121484,
      21485117234,
      160,
      754,
      1022,
      11590268664,
      -311837592,
      2027234850,
      2027234850,
      11590268476,
      -311837596,
      2027234898,
      2027234898,
      2460273080,
      -706678,
      2460273060,
      -706678,
      -13978621090,
      -37678038236,
      -13978622220,
      -37678038154,
      30534722156,
      30534722144,
      27940568000,
      27940568152,
      -115841154888,
      19293604914,
      -4,
      -44737918422,
      44737918256,
      -2,
      142,
      142,
      5459540072,
      21815701038,
      5459538828,
      21815701062,
      41515449410,
      41515449398,
      -35814853258,
      -35814852988,
      -62577106552,
      -16796182548,
      0,
      5423809990,
      -5423810332,
      -2,
      129,
      128,
      -57641360360,
      0,
      57641358322,
      0,
      -20158910078,
      20158909862,
      12597993782,
      -12597993066,
      236,
      20,
      -3472334,
      12597993774,
      -12597993074,
      40,
      -13,
      -3472335
    ],
    [
      85744008145,
      2517110978,
      2517112232,
      25004826570,
      -95546703982,
      46392438564,
      108,
      -2458981130,
      27415410314,
      -2458981118,
      27415410194,
      -14506194278,
      -14506194216,
      -90999412258,
      -90999411888,
      56107293040,
      111093824064,
      62,
      11810526846,
      11810526854,
      62827231410,
      -32422080970,
      4,
      3184368846,
      -3184368832,
      50,
      -104,
      -62,
      -394103234,
      -109108810,
      2413553428,
      2413553428,
      -394103178,
      -109108816,
      2413553426,
      2413553426,
      2107594942,
      -43960334,
      2107594944,
      -43960334,
      -11044289680,
      -9069123452,
      -11044289828,
      -9069124120,
      2760356990,
      2760356986,
      36098662872,
      36098662860,
      -41011404786,
      10525591488,
      0,
      -27574579032,
      27574578880,
      -2,
      60,
      60,
      16699616754,
      -27215957586,
      16699616484,
      -27215956796,
      -18599061614,
      -18599061618,
      -3016644448,
      -3016644496,
      -10401685290,
      0,
      0,
      4375456678,
      -4375456695,
      -2,
      6,
      8,
      1991576488,
      0,
      -1991576544,
      0,
      3046995018,
      -3046995088,
      -206750149,
      206750059,
      54,
      0,
      -13715164,
      -206750148,
      206750059,
      16,
      0,
      -13715164
    ],
    [
      -761,
      97909703984,
      -97909703492,
      76,
      130,
      -42,
      -75931976542,
      27415410454,
      74529682024,
      -27415410544,
      -74529682026,
      -24,
      -22,
      -241871834082,
      241871834396,
      354,
      62,
      150128227782,
      51523995572,
      -51523995312,
      -244,
      10,
      262252414,
      8096669568,
      8096669468,
      2,
      -4799285186,
      -4799285182,
      -7972186574,
      -283999028,
      -1374944122,
      -1374944120,
      7972186600,
      283999028,
      1374944152,
      1374944152,
      0,
      0,
      -2,
      0,
      -8838558070,
      -13602399122,
      8838557954,
      13602398872,
      -34,
      -36,
      39789191360,
      -39789191428,
      30,
      -8,
      512770864,
      71459507264,
      71459507550,
      0,
      2150540428,
      2150540428,
      22764716006,
      -56185538710,
      -22764716064,
      56185538846,
      -2,
      -2,
      7004902620,
      -7004902595,
      0,
      0,
      0,
      -311837584,
      -311837592,
      0,
      277767096,
      277767096,
      21771741576,
      0,
      21771741484,
      0,
      0,
      2,
      4663986661,
      4663986618,
      -17700538,
      13715164,
      0,
      4663986659,
      4663986619,
      17700536,
      13715164,
      0
    ],
    [
      -265973214696,
      -166752706160,
      134411060680,
      68779766980,
      -134411063678,
      166752709546,
      68779764990,
      -90999411864,
      241871834840,
      11810526384,
      -51523995050,
      -19569679862,
      -19569679888,
      -188569880136,
      109974421306,
      41551876566,
      11810526846,
      51523995572,
      664764661136,
      -188569878040,
      4644925032,
      -90999413248,
      -241871834232,
      -4644923654,
      -41551876218,
      -32,
      19569679388,
      19569679346,
      23204179834,
      -849780010,
      -3005226226,
      -3005226228,
      -3016644724,
      209909462,
      1542898974,
      1542898976,
      1799621230,
      35391818,
      1799621230,
      35391818,
      -46569630746,
      -163834994426,
      17093719988,
      17530304644,
      -18806626236,
      -18806626236,
      -12235399086,
      -17093719874,
      -22890786,
      3016644606,
      209909466,
      28422133616,
      17530304154,
      0,
      1542899102,
      1542899100,
      74966194514,
      -68054638496,
      12235399242,
      28422133064,
      18489231350,
      18489231348,
      -74966194594,
      46569629964,
      -61467511704,
      -23204179762,
      -849780000,
      -68054638044,
      -163834993502,
      0,
      -3005226434,
      -3005226432,
      -61467511560,
      0,
      -22891018,
      0,
      -2421843412,
      2421843464,
      18489231654,
      -18806625952,
      -2421843596,
      1799621206,
      -35391821,
      18489231652,
      -18806625958,
      2421843550,
      1799621206,
      -35391820
    ],
    [
      -265973214472,
      134411066036,
      -166752715702,
      68779767000,
      -134411063740,
      166752711460,
      -68779773706,
      11810525692,
      -51523995220,
      -90999411682,
      241871834750,
      -19569679780,
      -19569679776,
      109974420838,
      -188569879514,
      41551876858,
      11810526854,
      -51523995312,
      -188569878040,
      664764662742,
      4644924628,
      -90999414256,
      241871834682,
      41551873762,
      4644923428,
      16,
      -19569678820,
      -19569678792,
      -3016644550,
      209909464,
      1542898954,
      1542898956,
      23204179818,
      -849780014,
      -3005226360,
      -3005226362,
      1799621232,
      35391816,
      1799621230,
      35391816,
      17093719778,
      17530303244,
      -46569629780,
      -163834992140,
      -18806626214,
      -18806626216,
      -17093719904,
      -12235398738,
      -22891434,
      3016644676,
      -209909464,
      -17530304528,
      -28422133882,
      0,
      -1542898854,
      -1542898854,
      12235399016,
      28422134700,
      74966195218,
      -68054640204,
      18489231344,
      18489231340,
      46569629320,
      -74966195210,
      -61467511372,
      -23204179684,
      849780008,
      163834993042,
      68054638670,
      -2,
      3005226510,
      3005226512,
      22890770,
      0,
      61467512960,
      0,
      -2421843456,
      2421843434,
      18806627064,
      -18489230658,
      2421844442,
      -1799621227,
      -35391817,
      18806627062,
      -18489230658,
      -2421844410,
      -1799621231,
      -35391818
    ],
    [
      116211361298,
      -17243096048,
      -17243097344,
      -36144398386,
      -52657448144,
      116448685572,
      1292,
      -3184366898,
      8096668662,
      -3184369064,
      8096668606,
      -99582860256,
      -99582860190,
      -41551873380,
      -41551873526,
      62669268692,
      62827231410,
      -244,
      4644925032,
      4644924628,
      223538090266,
      -56107290306,
      -310,
      21485123928,
      -21485120580,
      156,
      -862,
      -602,
      -11590268624,
      -311837576,
      2027234736,
      2027234736,
      -11590268476,
      -311837582,
      2027234796,
      2027234796,
      2460273050,
      706676,
      2460273028,
      706676,
      -5459539354,
      21815702570,
      -5459538164,
      21815702408,
      41515448778,
      41515448762,
      35814853434,
      35814853272,
      -62577106510,
      16796182202,
      2,
      -5423808642,
      5423808758,
      -2,
      -100,
      -98,
      13978620782,
      -37678037968,
      13978621976,
      -37678037970,
      30534722086,
      30534722070,
      -27940565830,
      -27940565920,
      -115841152176,
      -19293604834,
      8,
      44737920754,
      -44737920628,
      -2,
      -120,
      -118,
      57641359680,
      0,
      -57641357984,
      0,
      -20158910092,
      20158909892,
      -12597993728,
      12597993082,
      106,
      20,
      3472334,
      -12597993734,
      12597993076,
      156,
      -12,
      3472334
    ],
    [
      85744016177,
      2517109288,
      2517111476,
      -25004823132,
      46392439676,
      -95546696926,
      684,
      -2458981114,
      -27415410438,
      -2458981018,
      -27415410654,
      14506194010,
      14506193950,
      11810526062,
      11810525912,
      -62827233200,
      -32422080970,
      10,
      -90999413248,
      -90999414256,
      -56107290306,
      111093823858,
      -216,
      3184367180,
      -3184366688,
      -46,
      -86,
      -120,
      -394103374,
      109108806,
      -2413553412,
      -2413553410,
      -394103358,
      109108812,
      -2413553462,
      -2413553462,
      -2107594942,
      -43960332,
      -2107594946,
      -43960332,
      16699616722,
      27215957698,
      16699616568,
      27215957458,
      18599061454,
      18599061456,
      -3016644602,
      -3016644606,
      10401685636,
      0,
      -2,
      4375456486,
      -4375456464,
      0,
      -4,
      -4,
      -11044289766,
      9069123400,
      -11044290060,
      9069124046,
      -2760357528,
      -2760357524,
      36098661826,
      36098661862,
      41011403320,
      10525591610,
      -4,
      -27574580672,
      27574580524,
      2,
      -20,
      -20,
      1991577088,
      0,
      -1991577318,
      0,
      -3046995480,
      3046995544,
      -206750372,
      206750282,
      -14,
      0,
      -13715164,
      -206750374,
      206750280,
      -48,
      0,
      -13715164
    ],
    [
      -264,
      97909702104,
      -97909701902,
      -18,
      -132,
      426,
      -75931975366,
      27415410188,
      -74529682072,
      -27415410068,
      74529682038,
      40,
      42,
      51523995330,
      -51523995498,
      122,
      4,
      262252414,
      -241871834232,
      241871834682,
      -310,
      -216,
      150128227932,
      8096668564,
      8096668752,
      2,
      -4799284714,
      -4799284712,
      -7972186728,
      283999036,
      1374944000,
      1374944000,
      7972186734,
      -283999036,
      -1374944042,
      -1374944044,
      0,
      0,
      0,
      0,
      22764716294,
      56185539578,
      -22764716364,
      -56185539518,
      0,
      0,
      7004902678,
      -7004902647,
      0,
      2,
      0,
      -311837580,
      -311837586,
      0,
      277767096,
      277767096,
      -8838557932,
      13602398744,
      8838557772,
      -13602398614,
      -8,
      -8,
      39789191202,
      -39789191508,
      84,
      22,
      512770862,
      71459507118,
      71459507492,
      0,
      2150540524,
      2150540524,
      21771741716,
      0,
      21771741648,
      0,
      -2,
      0,
      4663986435,
      4663986434,
      -17700537,
      13715164,
      0,
      4663986432,
      4663986436,
      17700538,
      13715164,
      0
    ],
    [
      -116211360174,
      116448689724,
      -52657453280,
      -404,
      -17243097564,
      -17243093800,
      36144394022,
      56107290630,
      826,
      -62827232446,
      -52,
      -590,
      -716,
      -4644926778,
      41551874358,
      -21485121484,
      3184368846,
      8096669568,
      -4644923654,
      41551873762,
      21485123928,
      3184367180,
      8096668564,
      223538089960,
      62669269870,
      -128,
      -99582860022,
      -99582860164,
      -19293604808,
      -4,
      50,
      50,
      16796181974,
      2,
      152,
      152,
      12,
      3472336,
      -4,
      3472334,
      -27940566618,
      44737919030,
      35814853804,
      -5423807880,
      -12597993386,
      -12597993396,
      13978621948,
      -5459538706,
      57641358526,
      -11590268568,
      311837580,
      37678038576,
      -21815702140,
      0,
      -2027234770,
      -2027234770,
      -27940566044,
      -44737920050,
      35814854082,
      5423807384,
      12597993956,
      12597993946,
      13978620838,
      -5459539304,
      -57641360262,
      -11590268822,
      311837584,
      37678037896,
      -21815702272,
      0,
      -2027234826,
      -2027234826,
      115841152804,
      -4,
      62577106548,
      -2,
      86,
      128,
      -30534721546,
      -41515447852,
      20158910198,
      -2460273028,
      706680,
      -30534721564,
      -41515447870,
      -20158910372,
      -2460273030,
      706680
    ],
    [
      116211371348,
      52657446676,
      -116448701370,
      784,
      17243099594,
      17243096082,
      36144396222,
      62827233438,
      -156,
      -56107293502,
      -792,
      896,
      746,
      -41551876218,
      4644926106,
      21485117234,
      -3184368832,
      8096669468,
      -41551876218,
      4644923428,
      -21485120580,
      -3184366688,
      8096668752,
      62669269870,
      223538095616,
      -136,
      -99582861742,
      -99582861876,
      -16796182364,
      0,
      -204,
      -206,
      19293604898,
      4,
      -72,
      -72,
      4,
      -3472336,
      -18,
      -3472336,
      -35814853092,
      5423810628,
      27940569348,
      -44737916586,
      12597993326,
      12597993314,
      5459539170,
      -13978621814,
      -57641358674,
      11590268524,
      311837588,
      -21815701588,
      37678038338,
      0,
      -2027234880,
      -2027234882,
      -35814853568,
      -5423809730,
      27940568728,
      44737917646,
      -12597993904,
      -12597993916,
      5459539854,
      -13978620696,
      57641360462,
      11590268806,
      311837590,
      -21815701758,
      37678037840,
      0,
      -2027234896,
      -2027234898,
      62577106500,
      -2,
      115841156082,
      -2,
      138,
      98,
      -41515448940,
      -30534722062,
      20158910104,
      -2460273062,
      -706676,
      -41515448958,
      -30534722080,
      -20158910290,
      -2460273066,
      -706676
    ],
    [
      28,
      -136,
      200,
      10,
      -46,
      -10,
      718,
      -54,
      0,
      58,
      0,
      -12750413144,
      12750412916,
      -40,
      10,
      160,
      50,
      2,
      -32,
      16,
      156,
      -46,
      2,
      -128,
      -136,
      24244511972,
      -12750413108,
      12750413216,
      6,
      0,
      1055028,
      -1055028,
      -6,
      0,
      1055028,
      -1055026,
      -682178534,
      0,
      682178544,
      0,
      6,
      -6,
      -10,
      2,
      -154285088,
      154285076,
      0,
      4,
      36,
      0,
      0,
      0,
      -2,
      -17704388,
      -1055026,
      1055028,
      8,
      8,
      -10,
      -10,
      -154285088,
      154285078,
      -4,
      2,
      32,
      0,
      0,
      4,
      2,
      -17704388,
      -1055028,
      1055026,
      2,
      17704388,
      -2,
      17704388,
      -20354903488,
      -20354903420,
      154284964,
      154284962,
      20354903286,
      682178578,
      0,
      -154285222,
      -154285222,
      20354903698,
      -682178570,
      0
    ],
    [
      -2887,
      -70433057772,
      70433063400,
      248,
      -742,
      -716,
      -60559001526,
      -14506194004,
      -200,
      14506194764,
      214,
      890037500,
      -890037348,
      19569680320,
      -19569679642,
      754,
      -104,
      -4799285186,
      19569679388,
      -19569678820,
      -862,
      -86,
      -4799284714,
      -99582860022,
      -99582861742,
      -12750413108,
      111130880836,
      86086564814,
      17995243144,
      0,
      -1010448,
      1010544,
      -17995243002,
      2,
      -1010532,
      1010458,
      -1204992888,
      0,
      1204992888,
      0,
      18687140168,
      -11116694290,
      -18687141270,
      11116692768,
      -435410490,
      435410416,
      -3135770154,
      3135770018,
      26,
      4,
      -277767096,
      -2601360072,
      -2601359920,
      22227898,
      0,
      0,
      18687140142,
      11116694316,
      -18687141208,
      -11116692848,
      -435410518,
      435410390,
      -3135769994,
      3135769882,
      -102,
      -6,
      -277767096,
      -2601359792,
      -2601359720,
      22227900,
      0,
      0,
      -73270628750,
      5093664,
      -73270629696,
      5093664,
      8971080438,
      8971080500,
      46179985840,
      46179985546,
      -37301991892,
      199253608,
      -2,
      47386618816,
