{"beta_B":"2501750771/500000000","block_dimensions":[31,30,26,35,61],"blocks":[{"common_denominator":"18534051411918436794453781905408000000000","dimension":31,"integer_rows":[[1917182000593553272383653165166502566144,269973189743652540931455057920000000000,-37497228034332820893912572310000000000,-233282023593864414172518875136000000000,-277958781466948593228581771479625000000,25447335942435394156637454336000000000,-1279030743444204387820044288000000000,55431507044326395779677224960000000000,27599075301403727662677835776000000000,38668421789653516450367619072000000000,-19786015764172899986234671104000000000,5902539617829344900400021504000000000,-4218922223331597278511384490312500000,-4218922222837146622567422037687500000,79560693380495405618902877625000000,-14357199945658793317684758442312500000,-14357199941785020373810845781687500000,-31194496940239141292152061952000000000,16978529794300598810046010524093750000,16004355382526847613574791007062500000,16004355382322372195406626976937500000,2637009424127159219611407516093750000,19195814344336002760134623232000000000,5531472862353347993646936634800000000,33185357848245858784462151680000000000,-27803959840274303336262836224000000000,-24105087721042439333806080000000000000,260009128989579612190625000,-24941213006874645643905609922825000000,756160180272825094593750000,2394865179053767206565625000],[269973189743652540931455057920000000000,567470359522601720262972663222125641536,65756723093779093891715465216000000000,-111441552472867269568530055168000000000,8011359620175543371872247808000000000,1031773887943222716356417434500000000,-7663031087919047646933301248000000000,-74350414167748264768710812713200000000,-85649872584659957011842005262882812500,8835553879338295905350998016000000000,-92947957016099842789668681269906250000,-1932409341215778202940493004800000000,1796695181661070150855193834459375000,1796695181910992068950007368740625000,-2484048709783845372854285107200000000,-618472243340906903813775596743750000,-618472242992555522615241696056250000,-1041586210000995225790945689600000000,3315415787649178411146976051200000000,2143977964045142032406361556664062500,2143977963945861267598514731335937500,3672545018044101653543079936000000000,-5466772749986404802282117529600000000,-5349012563621353850337067008000000000,6650171097100442449500813312000000000,-5985028676758118393477474304000000000,-7456631850003215783035072512000000000,136689195103693088226562500,385671719244487749419360256000000000,184924153210335495979687500,52926309049038382546875000],[-37497228034332820893912572310000000000,65756723093779093891715465216000000000,337380873766351682599383443257025641536,-158130037175348360621486604288000000000,77014009633644445333041877123953125000,59967805341875156227353804800000000000,5705743356459506156763963392000000000,-78877719673839986716222855577600000000,7416041469586132530392462131200000000,-8432343017523124788303992832000000000,135506202065430161520377856000000000,-3243260995560803860194338917500000000,-4961847679095136226521928072156250000,-4961847678872486887746225783843750000,-436035492861892866157264896000000000,-291670339085282352408005203125000000,-291670339029883722351924652875000000,-46495878735113382430241734656000000000,-73125929855939290661512112988929687500,-444362569673103492035603119914062500,-444362569784587022453347664085937500,429799764642732672579517144976562500,2469741065202627495097634816000000000,-23889909812276395924487557323000000000,-6773610223177173939371325440000000000,-2942513905724376380380397568000000000,-49435652640386933629905552949906250000,105823196555017413467187500,2231378784574611985555082681706250000,142052549634095340734375000,-126784739947802013000000000],[-233282023593864414172518875136000000000,-111441552472867269568530055168000000000,-158130037175348360621486604288000000000,403224934171039805345420233183325641536,-4584322296590136833165447168000000000,14351119547384413986387905740800000000,-16354472349182546373226345267200000000,74889136570859535275290148864000000000,-6952690939500602916077297664000000000,9275866235190950479225946112000000000,902979363787733594728058880000000000,-252086945772689740467535872000000000,-2800487737175889759622133820570312500,-2800487736634844139760609219429687500,-5767490997406802825130934272000000000,-2919482550189656268711821312000000000,-2919482550202472759840276480000000000,-11984998021468308116329667542800000000,5558172230958661061568837632000000000,-1543689162533995026160713669875000000,-1543689162794457543990603834125000000,9040873128192643226054049792000000000,-3873337025199079755547355136000000000,-73298747937354975937515307008000000000,96173676036882952488544510222882812500,-13329380620477753044754759680000000000,-3211039960879528221136867328000000000,283477330831763762695312500,2077644095184294312828106752000000000,-9303553296764582625000000,3396710299579401000000000],[-277958781466948593228581771479625000000,8011359620175543371872247808000000000,77014009633644445333041877123953125000,-4584322296590136833165447168000000000,432862357531365180101655174687713141536,-10836424731737910481485375897600000000,902194940897608912223743180800000000,7850968540342348213662836736000000000,8460233316229169489222197248000000000,87869902637997746071638622208000000000,-81563706264693251874922348544000000000,-3867566332766739479067885568000000000,-1266580000203188014553873266968750000,-1266580001794491295825760397031250000,1540353378253291048413951192031250000,-1713407887032147255919206480468750000,-1713407888638007308707995567531250000,16002562577712423868735326208000000000,-12523875790193397723188913655887500000,-960137679207371763903945236671093750,-960137678316497454850014699328906250,-1410433855065459504489821035200000000,8087335693466365806567860224000000000,-33163024957872445944987142734046875000,405905162940711796519944192000000000,-79212661865967727864266049536000000000,2633085619548433366990772122500000000,-637158777483675069328125000,-91014177992067485707398029423679687500,-316931576350563464623437500,-985532615334399174000000000],[25447335942435394156637454336000000000,1031773887943222716356417434500000000,59967805341875156227353804800000000000,14351119547384413986387905740800000000,-10836424731737910481485375897600000000,86157553639884640487101206043625641536,-7511930520490884849645355008000000000,-36421957127131218825845066894700000000,-10624557053849721002416079576976562500,4241271219515380944051873792000000000,39602689470528941162272097845906250000,3909688682469766204687056896000000000,-190902111068659353391617474703125000,-190902110266065218186398269296875000,645418694521606112483819520000000000,-493564360375339687207503778125000000,-493564358339201727353387101875000000,-44334613945235860795150008320000000000,-2555689770562851418764939264000000000,-4192439930843148672139639230914062500,-4192439931314424312184641089085937500,120924368089330130977056768000000000,-639448453110298781265592320000000000,5058637091752703000288395264000000000,19261415214097315420645761024000000000,-9947540102189664584401240064000000000,-6739271004065931963463974912000000000,246860897480277370554687500,783402062948055030003228672000000000,485765912908709873343750000,1150039203530813040156250000],[-1279030743444204387820044288000000000,-7663031087919047646933301248000000000,5705743356459506156763963392000000000,-16354472349182546373226345267200000000,902194940897608912223743180800000000,-7511930520490884849645355008000000000,65856773876333274425418652659031891536,6085159739103203601499897856000000000,-667496381922503293510991872000000000,-46391445445954029991294394638882812500,-20927066595208845457763277824000000000,-2730989848241554191743582208000000000,2435553255017896447579411804699218750,2435553254924802704430967459300781250,4614630921993691706739867648000000000,-805674871196545218963813613972656250,-805674871437260066499152658027343750,8172314619157708313973719040000000000,-7732534873919791720943026176000000000,-2932416553729589429798174732015625000,-2932416553696581903999424755984375000,-18211487740444561775330575564800000000,-19851930372190158098331100774400000000,-9296631486682450086536019968000000000,-10340111284719047025531617280000000000,-18552762531664440309548662784000000000,9245686094842496299383263232000000000,-89459604367739820156250000,-9488982672661145835890700640000000000,-45754651073136048140625000,-149798270773896350976562500],[55431507044326395779677224960000000000,-74350414167748264768710812713200000000,-78877719673839986716222855577600000000,74889136570859535275290148864000000000,7850968540342348213662836736000000000,-36421957127131218825845066894700000000,6085159739103203601499897856000000000,114039660552636998427161449179062820768,-15100412335229218457473905799441406250,2156175863059721991067066368000000000,3341621830187352812834839256976562500,2261387360936014023760199680000000000,-504419820662528427696070427034375000,-504419821130983083081300606565625000,2300385507119779977349365760000000000,-538161508233615137143996416000000000,-538161508923352570917928960000000000,15411447872524257517053029580800000000,-4748813559542318947951335014400000000,9012136041383648468351734326816406250,9012136041611721898008858057183593750,-3385395396572699588021594112000000000,452572027548737163060034764800000000,-36620365231143287564341369241600000000,968929352215877624715068006400000000,-5547556583931306838676428800000000000,1757863389169655328356100096000000000,-224228767257381615544921875,-1959557894210038415555801088000000000,-170968357660773199269531250,-376782417768954412359375000],[27599075301403727662677835776000000000,-85649872584659957011842005262882812500,7416041469586132530392462131200000000,-6952690939500602916077297664000000000,8460233316229169489222197248000000000,-10624557053849721002416079576976562500,-667496381922503293510991872000000000,-15100412335229218457473905799441406250,66285142190438800802618466860265945768,1350335926334829176389146624000000000,1167596966048264199712322511293750000,-3435706835922255612079596748800000000,-3348696046448265681571594939257812500,-3348696046384088770236489028742187500,-374160469130136141104447488000000000,-2655572037006147832719626480000000000,-2655572037237366440976908048000000000,15093021129285293678962824192000000000,-2451127906712583555723450368000000000,12048859537380848852125726313490234375,12048859537335251928305977750509765625,2409057793108912269129265152000000000,7774004724569581873986861465600000000,-275109102193675486388605747200000000,-10002949966144365686321666867200000000,710915491598243331444417331200000000,-2178602303782145863563223040000000000,19169325055373329224609375,-3889764966424605966801533337600000000,-70318480840827450300781250,-107942608146803653781250000],[38668421789653516450367619072000000000,8835553879338295905350998016000000000,-8432343017523124788303992832000000000,9275866235190950479225946112000000000,87869902637997746071638622208000000000,4241271219515380944051873792000000000,-46391445445954029991294394638882812500,2156175863059721991067066368000000000,1350335926334829176389146624000000000,94927492635689336030620270790462820768,-39569279330401675356515586048000000000,1689798795992945697369851904000000000,-1387506598132205465729698131960937500,-1387506598690216457432311468039062500,-2268848510181112155818730700800000000,5852677794531337054874318292664062500,5852677795132017559179270699335937500,-413660694777463164665790464000000000,1085481285246249570792058880000000000,1756013889759199541597670728593750000,1756013890053854117610959543406250000,11690101342929234781192167424000000000,9839164880506231703022023808000000000,-4471865948312108995382587392000000000,6605036946585316118146429747200000000,-16755750390941366750154416128000000000,-942106632960384073416874393600000000,-223316115002073612930468750,-2110840766525638524446602368000000000,99278979492295235144531250,400061716669772647875000000],[-19786015764172899986234671104000000000,-92947957016099842789668681269906250000,135506202065430161520377856000000000,902979363787733594728058880000000000,-81563706264693251874922348544000000000,39602689470528941162272097845906250000,-20927066595208845457763277824000000000,3341621830187352812834839256976562500,1167596966048264199712322511293750000,-39569279330401675356515586048000000000,144720017987750370803579129371625641536,-4049383526069812708795809792000000000,-2245410425445576997479012427042968750,-2245410424758602601065945832157031250,-1939440520555985531250524160000000000,-1301364961184406548664385536000000000,-1301364960205694810022051840000000000,-15517684384014463618720172851200000000,-3048402693190007256863655526400000000,-268311568951972847327109292850781250,-268311569361243049647126764749218750,5068383316961793631859032064000000000,6999405844708242969158166528000000000,-609371323684095007492165632000000000,1705745782892034831585054720000000000,37999256447366617551147509350400000000,-15308446466315844333308321792000000000,235715678248339711125000000,8255384568232868463419104051200000000,228787546637688419992187500,555583570683138177468750000],[5902539617829344900400021504000000000,-1932409341215778202940493004800000000,-3243260995560803860194338917500000000,-252086945772689740467535872000000000,-3867566332766739479067885568000000000,3909688682469766204687056896000000000,-2730989848241554191743582208000000000,2261387360936014023760199680000000000,-3435706835922255612079596748800000000,1689798795992945697369851904000000000,-4049383526069812708795809792000000000,7973656268459582282142721973225641536,609909631023972917074962657309375000,609909631086092638413654609890625000,3659671897699626966405926092800000000,556624213665368396824414145700000000,556624213554589790387874673500000000,-11552418830562315283455295488000000000,6479468974920093090035705127023437500,313194117657337889744463323132812500,313194117622177208725297700867187500,-4645422848199172405533769728000000000,2620555234237743592859639808000000000,19379718761309477153258215709400000000,5305532980358926288301160448000000000,2184895551484487196728862720000000000,9605749760859537397808318005906250000,17712716504017390625000000,-577729160135307491965108224000000000,-23971369905136978242187500,-65536238338803665125000000],[-4218922223331597278511384490312500000,1796695181661070150855193834459375000,-4961847679095136226521928072156250000,-2800487737175889759622133820570312500,-1266580000203188014553873266968750000,-190902111068659353391617474703125000,2435553255017896447579411804699218750,-504419820662528427696070427034375000,-3348696046448265681571594939257812500,-1387506598132205465729698131960937500,-2245410425445576997479012427042968750,609909631023972917074962657309375000,2588808587730725084849856190025641536,2588806217837700870268423639406250000,1599002657180255597481272416162500000,894240016875022777321549556118750000,894240016888404570299518031756250000,104506148166947739088386035449218750,2994152090949492591557822780988281250,-3467531611578985809331563527609375000,-3467530207557639537581722149023437500,-2700057806587581624890798480554687500,-1489686731065884553485343473984375000,2883306097786628649082223006500000000,-1161342293014084312866840600687500000,865690399124259399928943383562500000,229401040257840399246647216054687500,-665664965872812151675756250000,-829566748952213389914190787842968750,-1871031590884244250000000,14408390888998016968750000],[-4218922222837146622567422037687500000,1796695181910992068950007368740625000,-4961847678872486887746225783843750000,-2800487736634844139760609219429687500,-1266580001794491295825760397031250000,-190902110266065218186398269296875000,2435553254924802704430967459300781250,-504419821130983083081300606565625000,-3348696046384088770236489028742187500,-1387506598690216457432311468039062500,-2245410424758602601065945832157031250,609909631086092638413654609890625000,2588806217837700870268423639406250000,2588808587937837916946257682825641536,1599002657728657588491331692637500000,894240016901433695885937743756250000,894240016914813806277376108368750000,104506148326369995749218316550781250,2994152091084709059634050755011718750,-3467530207589352262176732794179687500,-3467531611736329595429590390953125000,-2700057807355609928890584687445312500,-1489686730924472875095090446015625000,2883306096905128313347581537500000000,-1161342292997845327058169831312500000,865690399828128149672029416437500000,229401039820747465021168719945312500,665716700185451970778318750000,-829566748753984884474858556157031250,-1870675525363851937500000,14406579130863373781250000],[79560693380495405618902877625000000,-2484048709783845372854285107200000000,-436035492861892866157264896000000000,-5767490997406802825130934272000000000,1540353378253291048413951192031250000,645418694521606112483819520000000000,4614630921993691706739867648000000000,2300385507119779977349365760000000000,-374160469130136141104447488000000000,-2268848510181112155818730700800000000,-1939440520555985531250524160000000000,3659671897699626966405926092800000000,1599002657180255597481272416162500000,1599002657728657588491331692637500000,10409900510136492650216920763825641536,5058661122982844730848668489490625000,5058661122833802212006185347309375000,116713444362892834011168768000000000,2109462421384605635126575104000000000,-661969847579647339086144778968750000,-661969847923246714237262581031250000,-16927462052258320532658678645414062500,-2438726607946227046858489856000000000,-2774431884729072981673508864000000000,-3152378480558868935218561024000000000,9984472848037782034920060928000000000,-1640593843451166475503206400000000000,126622465717265084875000000,-8062197629954942989296360324418750000,-28780006476251893734375000,-89482451649613998095312500],[-14357199945658793317684758442312500000,-618472243340906903813775596743750000,-291670339085282352408005203125000000,-2919482550189656268711821312000000000,-1713407887032147255919206480468750000,-493564360375339687207503778125000000,-805674871196545218963813613972656250,-538161508233615137143996416000000000,-2655572037006147832719626480000000000,5852677794531337054874318292664062500,-1301364961184406548664385536000000000,556624213665368396824414145700000000,894240016875022777321549556118750000,894240016901433695885937743756250000,5058661122982844730848668489490625000,15900437836131738595926302398025641536,15900424782225621903020578714500000000,1792465196630092732135686144000000000,-241628634477466203394301952000000000,-1658576826463369537912488734425781250,-1658576826465830186552773857574218750,-10834869445442120142106818522414062500,-20933685718246228135060329911875000000,-2209730791192794557138468864000000000,-1996118473992762255872329440000000000,-761111736615945441838137285875000000,926790326539484026026801668531250000,26861994316894481937500000,-3383298602707023616901029219655468750,-2558100383478833298192062500000,-8129822811040528040894412500000],[-14357199941785020373810845781687500000,-618472242992555522615241696056250000,-291670339029883722351924652875000000,-2919482550202472759840276480000000000,-1713407888638007308707995567531250000,-493564358339201727353387101875000000,-805674871437260066499152658027343750,-538161508923352570917928960000000000,-2655572037237366440976908048000000000,5852677795132017559179270699335937500,-1301364960205694810022051840000000000,556624213554589790387874673500000000,894240016888404570299518031756250000,894240016914813806277376108368750000,5058661122833802212006185347309375000,15900424782225621903020578714500000000,15900437836454410966566524690825641536,1792465195737873114679001088000000000,-241628633736707619800014848000000000,-1658576826362968252503580340660156250,-1658576826365427555981603147339843750,-10834869445237144721753016357585937500,-20933685718742243490296965704125000000,-2209730790530560612226695168000000000,-1996118473898642254375434528000000000,-761111737028105406667976762125000000,926790325799348032709379579468750000,26864792423820115187500000,-3383298602112517164944036540344531250,2558177511820839431543234375000,8130006074979839362994412500000],[-31194496940239141292152061952000000000,-1041586210000995225790945689600000000,-46495878735113382430241734656000000000,-11984998021468308116329667542800000000,16002562577712423868735326208000000000,-44334613945235860795150008320000000000,8172314619157708313973719040000000000,15411447872524257517053029580800000000,15093021129285293678962824192000000000,-413660694777463164665790464000000000,-15517684384014463618720172851200000000,-11552418830562315283455295488000000000,104506148166947739088386035449218750,104506148326369995749218316550781250,116713444362892834011168768000000000,1792465196630092732135686144000000000,1792465195737873114679001088000000000,60382189037952126588873645960812820768,-13998416050172305812607745228800000000,5328689794052224879244840905078125000,5328689793927005049214394832521875000,425077750967940879725577830400000000,-1517639873497877961476860723200000000,-54682867728150035263449219072000000000,-31174244398492421008952992538953125000,-5848776791917541758248878080000000000,17683941127526997988314007142400000000,143824806804658054687500,611613974973515844271904256000000000,-210542726834434040681250000,-495149938135538272125000000],[16978529794300598810046010524093750000,3315415787649178411146976051200000000,-73125929855939290661512112988929687500,5558172230958661061568837632000000000,-12523875790193397723188913655887500000,-2555689770562851418764939264000000000,-7732534873919791720943026176000000000,-4748813559542318947951335014400000000,-2451127906712583555723450368000000000,1085481285246249570792058880000000000,-3048402693190007256863655526400000000,6479468974920093090035705127023437500,2994152090949492591557822780988281250,2994152091084709059634050755011718750,2109462421384605635126575104000000000,-241628634477466203394301952000000000,-241628633736707619800014848000000000,-13998416050172305812607745228800000000,58634579074756485117922114446609695768,19659227153938262211747284035546875,19659227078512072946318482364453125,-2893276964240346887550032478100000000,917456148022359570664076083200000000,66940783025034289309028271669906250000,2877893454071713940662231040000000000,8941146610263387316153201152000000000,-9302395791113144949694853783106250000,43186547907647009906250000,-4789230190330425641068294193632812500,131630041577277185731250000,459167354362584641812500000],[16004355382526847613574791007062500000,2143977964045142032406361556664062500,-444362569673103492035603119914062500,-1543689162533995026160713669875000000,-960137679207371763903945236671093750,-4192439930843148672139639230914062500,-2932416553729589429798174732015625000,9012136041383648468351734326816406250,12048859537380848852125726313490234375,1756013889759199541597670728593750000,-268311568951972847327109292850781250,313194117657337889744463323132812500,-3467531611578985809331563527609375000,-3467530207589352262176732794179687500,-661969847579647339086144778968750000,-1658576826463369537912488734425781250,-1658576826362968252503580340660156250,5328689794052224879244840905078125000,19659227153938262211747284035546875,18680360754423740054088983776509695768,18680359547320917677573052719553125000,2228571434760698124381313840559375000,2537870871147158806808615816268750000,1854849257917579735433976510460937500,-13391206034220272707330124255714843750,-202454277565250401458486450593750000,500929149411046356211261094275000000,72344942120151442129554687500,559664941353971918666035805250000000,60535396161409959212500000,6212741244869091023437500],[16004355382322372195406626976937500000,2143977963945861267598514731335937500,-444362569784587022453347664085937500,-1543689162794457543990603834125000000,-960137678316497454850014699328906250,-4192439931314424312184641089085937500,-2932416553696581903999424755984375000,9012136041611721898008858057183593750,12048859537335251928305977750509765625,1756013890053854117610959543406250000,-268311569361243049647126764749218750,313194117622177208725297700867187500,-3467530207557639537581722149023437500,-3467531611736329595429590390953125000,-661969847923246714237262581031250000,-1658576826465830186552773857574218750,-1658576826365427555981603147339843750,5328689793927005049214394832521875000,19659227078512072946318482364453125,18680359547320917677573052719553125000,18680360754515470758967467392509695768,2228571435237969744774754716240625000,2537870871025911580644703761331250000,1854849258488368672346563905539062500,-13391206034180126177021966880285156250,-202454278014549247021134669406250000,500929149683863425669007296125000000,-72432570289890609827218750000,559664941206409131677773218750000000,60534981791967828818750000,6214086407131407492187500],[2637009424127159219611407516093750000,3672545018044101653543079936000000000,429799764642732672579517144976562500,9040873128192643226054049792000000000,-1410433855065459504489821035200000000,120924368089330130977056768000000000,-18211487740444561775330575564800000000,-3385395396572699588021594112000000000,2409057793108912269129265152000000000,11690101342929234781192167424000000000,5068383316961793631859032064000000000,-4645422848199172405533769728000000000,-2700057806587581624890798480554687500,-2700057807355609928890584687445312500,-16927462052258320532658678645414062500,-10834869445442120142106818522414062500,-10834869445237144721753016357585937500,425077750967940879725577830400000000,-2893276964240346887550032478100000000,2228571434760698124381313840559375000,2228571435237969744774754716240625000,31014913245986066817449024320562820768,14149527136726722665856034611200000000,4103240890599371291983421440000000000,4041339763495522039024506880000000000,-11392227198192656310071635968000000000,2837509895160291466879044750700000000,-176704103242081535312500000,16264001604882984875413796270464843750,34411020581784909983593750,131109939593841685312500000],[19195814344336002760134623232000000000,-5466772749986404802282117529600000000,2469741065202627495097634816000000000,-3873337025199079755547355136000000000,8087335693466365806567860224000000000,-639448453110298781265592320000000000,-19851930372190158098331100774400000000,452572027548737163060034764800000000,7774004724569581873986861465600000000,9839164880506231703022023808000000000,6999405844708242969158166528000000000,2620555234237743592859639808000000000,-1489686731065884553485343473984375000,-1489686730924472875095090446015625000,-2438726607946227046858489856000000000,-20933685718246228135060329911875000000,-20933685718742243490296965704125000000,-1517639873497877961476860723200000000,917456148022359570664076083200000000,2537870871147158806808615816268750000,2537870871025911580644703761331250000,14149527136726722665856034611200000000,47308755463916734285929701421165945768,-234268042048569443911929856000000000,114810050716875986671248896000000000,21353752945685620304879145095441406250,-4183204039014616520695633920000000000,-7375467678117559453125000,4607520353532686295810757632000000000,-124614808521201161625000000,-266720861306286120234375000],[5531472862353347993646936634800000000,-5349012563621353850337067008000000000,-23889909812276395924487557323000000000,-73298747937354975937515307008000000000,-33163024957872445944987142734046875000,5058637091752703000288395264000000000,-9296631486682450086536019968000000000,-36620365231143287564341369241600000000,-275109102193675486388605747200000000,-4471865948312108995382587392000000000,-609371323684095007492165632000000000,19379718761309477153258215709400000000,2883306097786628649082223006500000000,2883306096905128313347581537500000000,-2774431884729072981673508864000000000,-2209730791192794557138468864000000000,-2209730790530560612226695168000000000,-54682867728150035263449219072000000000,66940783025034289309028271669906250000,1854849257917579735433976510460937500,1854849258488368672346563905539062500,4103240890599371291983421440000000000,-234268042048569443911929856000000000,169802302120953881697922013928425641536,-5811417186254236746870580838400000000,5947387109124622139204291788800000000,-1090633967112595929556956593953125000,-197322842316862970099218750,2440138671256738293998586691800000000,104253600771732972656250000,413296146472059381300000000],[33185357848245858784462151680000000000,6650171097100442449500813312000000000,-6773610223177173939371325440000000000,96173676036882952488544510222882812500,405905162940711796519944192000000000,19261415214097315420645761024000000000,-10340111284719047025531617280000000000,968929352215877624715068006400000000,-10002949966144365686321666867200000000,6605036946585316118146429747200000000,1705745782892034831585054720000000000,5305532980358926288301160448000000000,-1161342293014084312866840600687500000,-1161342292997845327058169831312500000,-3152378480558868935218561024000000000,-1996118473992762255872329440000000000,-1996118473898642254375434528000000000,-31174244398492421008952992538953125000,2877893454071713940662231040000000000,-13391206034220272707330124255714843750,-13391206034180126177021966880285156250,4041339763495522039024506880000000000,114810050716875986671248896000000000,-5811417186254236746870580838400000000,60197914966324657660224076564362820768,-4297722601131470838349345382400000000,-1898230909890343793981325312000000000,94822796303425590881250000,-2665042102055859821124673536000000000,9055771317697995515625000,68655961847110984500000000],[-27803959840274303336262836224000000000,-5985028676758118393477474304000000000,-2942513905724376380380397568000000000,-13329380620477753044754759680000000000,-79212661865967727864266049536000000000,-9947540102189664584401240064000000000,-18552762531664440309548662784000000000,-5547556583931306838676428800000000000,710915491598243331444417331200000000,-16755750390941366750154416128000000000,37999256447366617551147509350400000000,2184895551484487196728862720000000000,865690399124259399928943383562500000,865690399828128149672029416437500000,9984472848037782034920060928000000000,-761111736615945441838137285875000000,-761111737028105406667976762125000000,-5848776791917541758248878080000000000,8941146610263387316153201152000000000,-202454277565250401458486450593750000,-202454278014549247021134669406250000,-11392227198192656310071635968000000000,21353752945685620304879145095441406250,5947387109124622139204291788800000000,-4297722601131470838349345382400000000,68258797916471187279661655566262820768,-28264833721298767854138802176000000000,183163911309310988306250000,10834894703918364719813236940800000000,-88367044336418546125000000,-246860923343960916375000000],[-24105087721042439333806080000000000000,-7456631850003215783035072512000000000,-49435652640386933629905552949906250000,-3211039960879528221136867328000000000,2633085619548433366990772122500000000,-6739271004065931963463974912000000000,9245686094842496299383263232000000000,1757863389169655328356100096000000000,-2178602303782145863563223040000000000,-942106632960384073416874393600000000,-15308446466315844333308321792000000000,9605749760859537397808318005906250000,229401040257840399246647216054687500,229401039820747465021168719945312500,-1640593843451166475503206400000000000,926790326539484026026801668531250000,926790325799348032709379579468750000,17683941127526997988314007142400000000,-9302395791113144949694853783106250000,500929149411046356211261094275000000,500929149683863425669007296125000000,2837509895160291466879044750700000000,-4183204039014616520695633920000000000,-1090633967112595929556956593953125000,-1898230909890343793981325312000000000,-28264833721298767854138802176000000000,75650367691745925303727695797225641536,-121065162457702202414062500,1260589141215843352052884775023437500,-165706400962368765468750000,-419850651185368121468750000],[260009128989579612190625000,136689195103693088226562500,105823196555017413467187500,283477330831763762695312500,-637158777483675069328125000,246860897480277370554687500,-89459604367739820156250000,-224228767257381615544921875,19169325055373329224609375,-223316115002073612930468750,235715678248339711125000000,17712716504017390625000000,-665664965872812151675756250000,665716700185451970778318750000,126622465717265084875000000,26861994316894481937500000,26864792423820115187500000,143824806804658054687500,43186547907647009906250000,72344942120151442129554687500,-72432570289890609827218750000,-176704103242081535312500000,-7375467678117559453125000,-197322842316862970099218750,94822796303425590881250000,183163911309310988306250000,-121065162457702202414062500,1275057661758318026874913141536,56685658798706433581250000,356065520392312500000,1840196436840300000000],[-24941213006874645643905609922825000000,385671719244487749419360256000000000,2231378784574611985555082681706250000,2077644095184294312828106752000000000,-91014177992067485707398029423679687500,783402062948055030003228672000000000,-9488982672661145835890700640000000000,-1959557894210038415555801088000000000,-3889764966424605966801533337600000000,-2110840766525638524446602368000000000,8255384568232868463419104051200000000,-577729160135307491965108224000000000,-829566748952213389914190787842968750,-829566748753984884474858556157031250,-8062197629954942989296360324418750000,-3383298602707023616901029219655468750,-3383298602112517164944036540344531250,611613974973515844271904256000000000,-4789230190330425641068294193632812500,559664941353971918666035805250000000,559664941206409131677773218750000000,16264001604882984875413796270464843750,4607520353532686295810757632000000000,2440138671256738293998586691800000000,-2665042102055859821124673536000000000,10834894703918364719813236940800000000,1260589141215843352052884775023437500,56685658798706433581250000,51894874486599621339291679419259695768,104462776121073611773437500,386227606274217519281250000],[756160180272825094593750000,184924153210335495979687500,142052549634095340734375000,-9303553296764582625000000,-316931576350563464623437500,485765912908709873343750000,-45754651073136048140625000,-170968357660773199269531250,-70318480840827450300781250,99278979492295235144531250,228787546637688419992187500,-23971369905136978242187500,-1871031590884244250000000,-1870675525363851937500000,-28780006476251893734375000,-2558100383478833298192062500000,2558177511820839431543234375000,-210542726834434040681250000,131630041577277185731250000,60535396161409959212500000,60534981791967828818750000,34411020581784909983593750,-124614808521201161625000000,104253600771732972656250000,9055771317697995515625000,-88367044336418546125000000,-165706400962368765468750000,356065520392312500000,104462776121073611773437500,1366493631732734369073806891536,2688890900767546040354140625000],[2394865179053767206565625000,52926309049038382546875000,-126784739947802013000000000,3396710299579401000000000,-985532615334399174000000000,1150039203530813040156250000,-149798270773896350976562500,-376782417768954412359375000,-107942608146803653781250000,400061716669772647875000000,555583570683138177468750000,-65536238338803665125000000,14408390888998016968750000,14406579130863373781250000,-89482451649613998095312500,-8129822811040528040894412500000,8130006074979839362994412500000,-495149938135538272125000000,459167354362584641812500000,6212741244869091023437500,6214086407131407492187500,131109939593841685312500000,-266720861306286120234375000,413296146472059381300000000,68655961847110984500000000,-246860923343960916375000000,-419850651185368121468750000,1840196436840300000000,386227606274217519281250000,2688890900767546040354140625000,11053669507221543986605325641536]],"multiplicity_in_word_space":1,"name":"chi_r+1_s+1"},{"common_denominator":"18534051411918436794453781905408000000000","dimension":30,"integer_rows":[[445778661989332075805082982565631891536,-303961666902520182001027501562500,-2685240022890933627828633600000000000,83611808856235651569476067968445312500,83611699451755252549010693503554687500,-142487052283910249263403945312500,11423429608976532715951473868800000000,-76095631060710233429182167449600000000,65611826204817227374739519531250,-2349979708757631503346234375000,-36181004301269726027297489062500,-3250332342178310215864447528593750000,-1619761911716426145294715500328125000,-1619815147156118447879695763671875000,1789681256556175989659004026250000000,1789675123059439213606371240750000000,-454399356491273607225281250000,3501686309483242372818347303023437500,-1626971110299917423445311488000000000,-95272387969453666572161842319773437500,-95272444592567251115657198448226562500,116618654365444320615165171875000,36000843444721553394630101562500,7456867529442055425110494057793750000,52521886773728825506442391406250,-3100984360433654662587703125000,123754800732412702115383312500000,77627283657848379114167571055562500000,-77627419662338237573074205280734375000,-105526208246950934271436890625000],[-303961666902520182001027501562500,437694068181523541404481801954538141536,-16080080390079076738039148437500,-12795320209723440828320076356304687500,12795289669459916956094737851695312500,85956204676462774801518510080000000000,25665088357083039727065328125000,9966654163970749032410648437500,-93212387124697052589871775744000000000,11944779254988993619903704268800000000,-7307482262814622432208265216000000000,-988825173388777384400812500000,-6792982835686998177851547825000000000,6793007999406059068846891617000000000,3108982597199999821262630570343750000,-3108956363985593615268819285656250000,2245323658308863064360540058500000000,7531639166523806938950171875000,-26354532152019272954976453125000,7212982045872989114588811178500000000,-7212899502887181329210142805500000000,-90557430334760213949342038016000000000,-91537089053469757690901935690179687500,7396899411760156867807218750000,-10429790041514938331776841341200000000,198396223785944118710673348062500000,-14563404101896391036516587520000000000,1080558232678239522803720111531250000,1081011322136091420815614032468750000,79475069361008669359323216871859375000],[-2685240022890933627828633600000000000,-16080080390079076738039148437500,50825868459063074338630766107625641536,-457584735210505087422019491468750000,-457525725684733844666093660531250000,-877713553182657974015015625000,-46686140610403522630828805685906250000,4336182236845204070027889712706250000,921065942095687774309421093750,33708412263555215065037812500000,3106028077894770640574703125000,5664287430075548659978887168000000000,-2684170351394342011776977716562500000,-2684149858898487951142958283437500000,-458726235100898645658246376359375000,-458734124427233259627528983640625000,1806716830127468762008816406250,-22545124386908268664038457344000000000,-13722426764950165770105344000000000000,4469065253631985998587338245344531250,4469038103605542646811256929055468750,4515589495734864547266041015625,9073550539867374273207000000000,-11264288830105305223680180224000000000,-4286068107542220938663484375000,-3901036222331127636188824218750,-8174361932841622536486101562500,2099318696205591777524832492597656250,-2099325294253923722925152838602343750,-9094491244842923867110324218750],[83611808856235651569476067968445312500,-12795320209723440828320076356304687500,-457584735210505087422019491468750000,84620165310352042549694066374625641536,19516841519813483514059216794500000000,3639998854328566717253133455296875000,10277639380915219112401856496757812500,-42823034546794480695979927110124218750,-1055846494377187362248219392206250000,-28445505568061673794142318245062500000,6869924741142280968050393444875000000,-1397588348149438889032581242250000000,9274348381280908642158469003539062500,-9245016502180989447210922254226562500,-1588534984800355672121986801773437500,4578622850273712583036231563539062500,-6012513103075745954044949823000000000,1873618620574586558424723297304687500,-315967728402051978464833419897656250,-35963416126305487153961750372960937500,-21832072017173340596359079587617187500,2142909510311528781107241426937500000,-1611170091290953918818549136054687500,4558085492189667235924613421042968750,3278066282288171478662665604277343750,4823279545839280612093874120460937500,1159892267240718